Name,#vertices,#edges,#priorities,#objectives,PeSTel: running time,PeSTel: incomplete result,GenZiel: running time,Faster than GenZiel,GenZiel&GenBuchi: running time,GenZiel&GenBuchi: incomplete result,Faster than GenZiel&GenBuchi,GenZiel&GenGoodEp: running time,GenZiel&GenGoodEp: incomplete result,Faster than GenZiel&GenGoodEp,GenZiel&GenLay: running time,GenZiel&GenLay: incomplete result,Faster than GenZiel&GenLay
ltl2dba01.tlsf.ehoa.gm-1-3.gpg,101,152,3,1,0,0,66,1,42,0,1,44,0,1,43,0,1
ltl2dba01.tlsf.ehoa.gm-1-4.gpg,101,152,4,1,0,0,42,1,42,0,1,44,0,1,47,0,1
ltl2dba01.tlsf.ehoa.gm-1-5.gpg,101,152,5,1,0,0,41,1,40,0,1,41,0,1,40,0,1
ltl2dba01.tlsf.ehoa.gm-1-6.gpg,101,152,6,1,0,0,43,1,42,0,1,43,0,1,41,0,1
ltl2dba01.tlsf.ehoa.gm-1-7.gpg,101,152,7,1,0,0,41,1,39,0,1,39,0,1,44,0,1
ltl2dba01.tlsf.ehoa.gm-1-8.gpg,101,152,8,1,1,0,42,1,55,0,1,44,0,1,44,0,1
ltl2dba01.tlsf.ehoa.gm-2-3.gpg,101,152,3,2,0,0,83,1,76,0,1,76,0,1,85,0,1
ltl2dba01.tlsf.ehoa.gm-2-4.gpg,101,152,4,2,0,0,83,1,83,0,1,87,0,1,82,0,1
ltl2dba01.tlsf.ehoa.gm-2-5.gpg,101,152,5,2,0,0,93,1,89,0,1,78,0,1,83,0,1
ltl2dba01.tlsf.ehoa.gm-2-6.gpg,101,152,6,2,0,0,81,1,77,0,1,80,0,1,86,0,1
ltl2dba01.tlsf.ehoa.gm-2-7.gpg,101,152,7,2,0,0,87,1,78,0,1,81,0,1,84,0,1
ltl2dba01.tlsf.ehoa.gm-2-8.gpg,101,152,8,2,1,0,84,1,90,0,1,90,0,1,93,0,1
ltl2dba01.tlsf.ehoa.gm-3-3.gpg,101,152,3,3,0,0,133,1,124,0,1,126,0,1,132,0,1
ltl2dba01.tlsf.ehoa.gm-3-4.gpg,101,152,4,3,1,0,128,1,117,0,1,137,0,1,125,0,1
ltl2dba01.tlsf.ehoa.gm-3-5.gpg,101,152,5,3,0,0,127,1,119,0,1,118,0,1,123,0,1
ltl2dba01.tlsf.ehoa.gm-3-6.gpg,101,152,6,3,0,0,125,1,122,0,1,127,0,1,118,0,1
ltl2dba01.tlsf.ehoa.gm-3-7.gpg,101,152,7,3,0,0,126,1,124,0,1,121,0,1,134,0,1
ltl2dba01.tlsf.ehoa.gm-3-8.gpg,101,152,8,3,1,0,129,1,121,0,1,127,0,1,123,0,1
ltl2dba01.tlsf.ehoa.gm-4-3.gpg,101,152,3,4,0,0,168,1,160,0,1,156,0,1,163,0,1
ltl2dba01.tlsf.ehoa.gm-4-4.gpg,101,152,4,4,1,0,171,1,157,0,1,163,0,1,172,0,1
ltl2dba01.tlsf.ehoa.gm-4-5.gpg,101,152,5,4,0,0,163,1,154,0,1,162,0,1,182,0,1
ltl2dba01.tlsf.ehoa.gm-4-6.gpg,101,152,6,4,1,0,176,1,174,0,1,169,0,1,168,0,1
ltl2dba01.tlsf.ehoa.gm-4-7.gpg,101,152,7,4,0,0,166,1,159,0,1,159,0,1,170,0,1
ltl2dba01.tlsf.ehoa.gm-4-8.gpg,101,152,8,4,1,0,158,1,156,0,1,161,0,1,164,0,1
ltl2dba01.tlsf.ehoa.gm-5-3.gpg,101,152,3,5,0,0,200,1,190,0,1,194,0,1,208,0,1
ltl2dba01.tlsf.ehoa.gm-5-4.gpg,101,152,4,5,1,0,198,1,194,0,1,229,0,1,201,0,1
ltl2dba01.tlsf.ehoa.gm-5-5.gpg,101,152,5,5,0,0,206,1,197,0,1,201,0,1,208,0,1
ltl2dba01.tlsf.ehoa.gm-5-6.gpg,101,152,6,5,1,0,204,1,213,0,1,232,0,1,226,0,1
ltl2dba01.tlsf.ehoa.gm-5-7.gpg,101,152,7,5,0,0,215,1,195,0,1,192,0,1,207,0,1
ltl2dba01.tlsf.ehoa.gm-5-8.gpg,101,152,8,5,1,0,199,1,195,0,1,203,0,1,228,0,1
ltl2dba01.tlsf.ehoa.gm-6-3.gpg,101,152,3,6,0,0,260,1,232,0,1,245,0,1,259,0,1
ltl2dba01.tlsf.ehoa.gm-6-4.gpg,101,152,4,6,1,0,265,1,269,0,1,271,0,1,246,0,1
ltl2dba01.tlsf.ehoa.gm-6-5.gpg,101,152,5,6,0,0,250,1,268,0,1,256,0,1,261,0,1
ltl2dba01.tlsf.ehoa.gm-6-6.gpg,101,152,6,6,1,0,262,1,255,0,1,265,0,1,240,0,1
ltl2dba01.tlsf.ehoa.gm-6-7.gpg,101,152,7,6,0,0,240,1,236,0,1,226,0,1,243,0,1
ltl2dba01.tlsf.ehoa.gm-6-8.gpg,101,152,8,6,1,0,243,1,237,0,1,255,0,1,275,0,1
ltl2dba01.tlsf.ehoa.gm-7-3.gpg,101,152,3,7,0,0,293,1,272,0,1,274,0,1,279,0,1
ltl2dba01.tlsf.ehoa.gm-7-4.gpg,101,152,4,7,1,0,274,1,265,0,1,323,0,1,304,0,1
ltl2dba01.tlsf.ehoa.gm-7-5.gpg,101,152,5,7,0,0,350,1,324,0,1,294,0,1,297,0,1
ltl2dba01.tlsf.ehoa.gm-7-6.gpg,101,152,6,7,1,0,317,1,289,0,1,304,0,1,307,0,1
ltl2dba01.tlsf.ehoa.gm-7-7.gpg,101,152,7,7,0,0,287,1,304,0,1,288,0,1,299,0,1
ltl2dba01.tlsf.ehoa.gm-7-8.gpg,101,152,8,7,1,0,287,1,288,0,1,313,0,1,310,0,1
ltl2dba01.tlsf.ehoa.gm-8-3.gpg,101,152,3,8,0,0,358,1,365,0,1,344,0,1,397,0,1
ltl2dba01.tlsf.ehoa.gm-8-4.gpg,101,152,4,8,1,0,343,1,322,0,1,364,0,1,317,0,1
ltl2dba01.tlsf.ehoa.gm-8-5.gpg,101,152,5,8,0,0,319,1,315,0,1,326,0,1,380,0,1
ltl2dba01.tlsf.ehoa.gm-8-6.gpg,101,152,6,8,1,0,322,1,328,0,1,357,0,1,360,0,1
ltl2dba01.tlsf.ehoa.gm-8-7.gpg,101,152,7,8,0,0,328,1,307,0,1,306,0,1,329,0,1
ltl2dba01.tlsf.ehoa.gm-8-8.gpg,101,152,8,8,1,0,315,1,307,0,1,354,0,1,342,0,1
ltl2dba02.tlsf.ehoa.gm-1-3.gpg,489,758,3,1,4,0,48,1,43,0,1,43,0,1,51,0,1
ltl2dba02.tlsf.ehoa.gm-1-4.gpg,489,758,4,1,28,0,49,1,55,1,1,114,1,1,10000,0,1
ltl2dba02.tlsf.ehoa.gm-1-5.gpg,489,758,5,1,4,0,48,1,44,0,1,43,0,1,54,0,1
ltl2dba02.tlsf.ehoa.gm-1-6.gpg,489,758,6,1,22,0,50,1,47,0,1,88,0,1,150,0,1
ltl2dba02.tlsf.ehoa.gm-1-7.gpg,489,758,7,1,9,0,47,1,44,0,1,53,0,1,55,0,1
ltl2dba02.tlsf.ehoa.gm-1-8.gpg,489,758,8,1,13,0,49,1,48,0,1,68,0,1,61,0,1
ltl2dba02.tlsf.ehoa.gm-2-3.gpg,489,758,3,2,4,0,95,1,82,0,1,83,0,1,100,0,1
ltl2dba02.tlsf.ehoa.gm-2-4.gpg,489,758,4,2,93,0,101,1,123,1,1,228,1,1,10000,0,1
ltl2dba02.tlsf.ehoa.gm-2-5.gpg,489,758,5,2,4,0,95,1,85,0,1,91,0,1,109,0,1
ltl2dba02.tlsf.ehoa.gm-2-6.gpg,489,758,6,2,24,0,100,1,99,0,1,164,0,1,216,0,1
ltl2dba02.tlsf.ehoa.gm-2-7.gpg,489,758,7,2,10,0,98,1,98,0,1,113,0,1,117,0,1
ltl2dba02.tlsf.ehoa.gm-2-8.gpg,489,758,8,2,14,0,101,1,104,0,1,152,0,1,119,0,1
ltl2dba02.tlsf.ehoa.gm-3-3.gpg,489,758,3,3,4,0,145,1,127,0,1,128,0,1,163,0,1
ltl2dba02.tlsf.ehoa.gm-3-4.gpg,489,758,4,3,95,0,162,1,188,0,1,330,0,1,10000,0,1
ltl2dba02.tlsf.ehoa.gm-3-5.gpg,489,758,5,3,4,0,181,1,143,0,1,132,0,1,162,0,1
ltl2dba02.tlsf.ehoa.gm-3-6.gpg,489,758,6,3,25,0,153,1,173,0,1,295,0,1,314,0,1
ltl2dba02.tlsf.ehoa.gm-3-7.gpg,489,758,7,3,10,0,160,1,133,0,1,163,0,1,195,0,1
ltl2dba02.tlsf.ehoa.gm-3-8.gpg,489,758,8,3,14,0,151,1,167,0,1,250,0,1,185,0,1
ltl2dba02.tlsf.ehoa.gm-4-3.gpg,489,758,3,4,4,0,203,1,176,0,1,171,0,1,199,0,1
ltl2dba02.tlsf.ehoa.gm-4-4.gpg,489,758,4,4,93,0,200,1,253,0,1,497,0,1,10000,0,1
ltl2dba02.tlsf.ehoa.gm-4-5.gpg,489,758,5,4,5,0,217,1,190,0,1,186,0,1,227,0,1
ltl2dba02.tlsf.ehoa.gm-4-6.gpg,489,758,6,4,25,0,217,1,218,0,1,367,0,1,369,0,1
ltl2dba02.tlsf.ehoa.gm-4-7.gpg,489,758,7,4,11,0,212,1,199,0,1,208,0,1,239,0,1
ltl2dba02.tlsf.ehoa.gm-4-8.gpg,489,758,8,4,14,0,214,1,214,0,1,341,0,1,263,0,1
ltl2dba02.tlsf.ehoa.gm-5-3.gpg,489,758,3,5,4,0,266,1,240,0,1,245,0,1,272,0,1
ltl2dba02.tlsf.ehoa.gm-5-4.gpg,489,758,4,5,94,0,273,1,318,0,1,607,0,1,10000,0,1
ltl2dba02.tlsf.ehoa.gm-5-5.gpg,489,758,5,5,5,0,250,1,220,0,1,212,0,1,262,0,1
ltl2dba02.tlsf.ehoa.gm-5-6.gpg,489,758,6,5,25,0,254,1,253,0,1,474,0,1,410,0,1
ltl2dba02.tlsf.ehoa.gm-5-7.gpg,489,758,7,5,10,0,244,1,234,0,1,239,0,1,274,0,1
ltl2dba02.tlsf.ehoa.gm-5-8.gpg,489,758,8,5,14,0,250,1,245,0,1,408,0,1,299,0,1
ltl2dba02.tlsf.ehoa.gm-6-3.gpg,489,758,3,6,4,0,286,1,279,0,1,265,0,1,296,0,1
ltl2dba02.tlsf.ehoa.gm-6-4.gpg,489,758,4,6,93,0,301,1,340,0,1,714,0,1,10000,0,1
ltl2dba02.tlsf.ehoa.gm-6-5.gpg,489,758,5,6,5,0,298,1,264,0,1,255,0,1,323,0,1
ltl2dba02.tlsf.ehoa.gm-6-6.gpg,489,758,6,6,25,0,297,1,305,0,1,630,0,1,500,0,1
ltl2dba02.tlsf.ehoa.gm-6-7.gpg,489,758,7,6,10,0,288,1,268,0,1,275,0,1,331,0,1
ltl2dba02.tlsf.ehoa.gm-6-8.gpg,489,758,8,6,14,0,290,1,290,0,1,510,0,1,363,0,1
ltl2dba02.tlsf.ehoa.gm-7-3.gpg,489,758,3,7,5,0,338,1,298,0,1,299,0,1,354,0,1
ltl2dba02.tlsf.ehoa.gm-7-4.gpg,489,758,4,7,93,0,351,1,411,0,1,877,0,1,10000,0,1
ltl2dba02.tlsf.ehoa.gm-7-5.gpg,489,758,5,7,6,0,337,1,309,0,1,314,0,1,379,0,1
ltl2dba02.tlsf.ehoa.gm-7-6.gpg,489,758,6,7,26,0,343,1,363,0,1,800,0,1,540,0,1
ltl2dba02.tlsf.ehoa.gm-7-7.gpg,489,758,7,7,11,0,342,1,317,0,1,324,0,1,387,0,1
ltl2dba02.tlsf.ehoa.gm-7-8.gpg,489,758,8,7,14,0,337,1,352,0,1,623,0,1,417,0,1
ltl2dba02.tlsf.ehoa.gm-8-3.gpg,489,758,3,8,5,0,386,1,345,0,1,346,0,1,412,0,1
ltl2dba02.tlsf.ehoa.gm-8-4.gpg,489,758,4,8,94,0,395,1,457,0,1,1112,0,1,10000,0,1
ltl2dba02.tlsf.ehoa.gm-8-5.gpg,489,758,5,8,6,0,382,1,354,0,1,371,0,1,461,0,1
ltl2dba02.tlsf.ehoa.gm-8-6.gpg,489,758,6,8,26,0,428,1,427,0,1,1123,0,1,608,0,1
ltl2dba02.tlsf.ehoa.gm-8-7.gpg,489,758,7,8,12,0,409,1,370,0,1,388,0,1,486,0,1
ltl2dba02.tlsf.ehoa.gm-8-8.gpg,489,758,8,8,16,0,441,1,436,0,1,767,0,1,502,0,1
ltl2dba03.tlsf.ehoa.gm-1-3.gpg,135,200,3,1,0,0,51,1,50,0,1,43,0,1,50,0,1
ltl2dba03.tlsf.ehoa.gm-1-4.gpg,135,200,4,1,1,0,46,1,46,0,1,53,0,1,45,0,1
ltl2dba03.tlsf.ehoa.gm-1-5.gpg,135,200,5,1,0,0,46,1,42,0,1,42,0,1,43,0,1
ltl2dba03.tlsf.ehoa.gm-1-6.gpg,135,200,6,1,1,0,42,1,40,0,1,43,0,1,42,0,1
ltl2dba03.tlsf.ehoa.gm-1-7.gpg,135,200,7,1,0,0,41,1,42,0,1,42,0,1,45,0,1
ltl2dba03.tlsf.ehoa.gm-1-8.gpg,135,200,8,1,1,0,41,1,49,0,1,47,0,1,46,0,1
ltl2dba03.tlsf.ehoa.gm-2-3.gpg,135,200,3,2,0,0,84,1,79,0,1,76,0,1,80,0,1
ltl2dba03.tlsf.ehoa.gm-2-4.gpg,135,200,4,2,1,0,79,1,78,0,1,84,0,1,80,0,1
ltl2dba03.tlsf.ehoa.gm-2-5.gpg,135,200,5,2,0,0,81,1,76,0,1,79,0,1,83,0,1
ltl2dba03.tlsf.ehoa.gm-2-6.gpg,135,200,6,2,1,0,80,1,78,0,1,84,0,1,82,0,1
ltl2dba03.tlsf.ehoa.gm-2-7.gpg,135,200,7,2,0,0,79,1,76,0,1,76,0,1,84,0,1
ltl2dba03.tlsf.ehoa.gm-2-8.gpg,135,200,8,2,1,0,87,1,84,0,1,87,0,1,87,0,1
ltl2dba03.tlsf.ehoa.gm-3-3.gpg,135,200,3,3,0,0,121,1,119,0,1,112,0,1,121,0,1
ltl2dba03.tlsf.ehoa.gm-3-4.gpg,135,200,4,3,1,0,119,1,115,0,1,132,0,1,124,0,1
ltl2dba03.tlsf.ehoa.gm-3-5.gpg,135,200,5,3,0,0,120,1,113,0,1,113,0,1,126,0,1
ltl2dba03.tlsf.ehoa.gm-3-6.gpg,135,200,6,3,1,0,118,1,116,0,1,130,0,1,126,0,1
ltl2dba03.tlsf.ehoa.gm-3-7.gpg,135,200,7,3,0,0,123,1,115,0,1,115,0,1,130,0,1
ltl2dba03.tlsf.ehoa.gm-3-8.gpg,135,200,8,3,1,0,127,1,116,0,1,124,0,1,124,0,1
ltl2dba03.tlsf.ehoa.gm-4-3.gpg,135,200,3,4,0,0,158,1,151,0,1,151,0,1,162,0,1
ltl2dba03.tlsf.ehoa.gm-4-4.gpg,135,200,4,4,1,0,162,1,155,0,1,172,0,1,160,0,1
ltl2dba03.tlsf.ehoa.gm-4-5.gpg,135,200,5,4,0,0,158,1,153,0,1,156,0,1,166,0,1
ltl2dba03.tlsf.ehoa.gm-4-6.gpg,135,200,6,4,1,0,169,1,158,0,1,182,0,1,166,0,1
ltl2dba03.tlsf.ehoa.gm-4-7.gpg,135,200,7,4,0,0,160,1,152,0,1,154,0,1,165,0,1
ltl2dba03.tlsf.ehoa.gm-4-8.gpg,135,200,8,4,1,0,159,1,184,0,1,172,0,1,164,0,1
ltl2dba03.tlsf.ehoa.gm-5-3.gpg,135,200,3,5,0,0,201,1,190,0,1,202,0,1,208,0,1
ltl2dba03.tlsf.ehoa.gm-5-4.gpg,135,200,4,5,1,0,199,1,198,0,1,212,0,1,207,0,1
ltl2dba03.tlsf.ehoa.gm-5-5.gpg,135,200,5,5,0,0,201,1,194,0,1,190,0,1,205,0,1
ltl2dba03.tlsf.ehoa.gm-5-6.gpg,135,200,6,5,1,0,200,1,200,0,1,246,0,1,213,0,1
ltl2dba03.tlsf.ehoa.gm-5-7.gpg,135,200,7,5,0,0,200,1,190,0,1,200,0,1,212,0,1
ltl2dba03.tlsf.ehoa.gm-5-8.gpg,135,200,8,5,1,0,200,1,198,0,1,211,0,1,207,0,1
ltl2dba03.tlsf.ehoa.gm-6-3.gpg,135,200,3,6,0,0,241,1,230,0,1,239,0,1,242,0,1
ltl2dba03.tlsf.ehoa.gm-6-4.gpg,135,200,4,6,1,0,239,1,232,0,1,263,0,1,242,0,1
ltl2dba03.tlsf.ehoa.gm-6-5.gpg,135,200,5,6,0,0,243,1,228,0,1,235,0,1,250,0,1
ltl2dba03.tlsf.ehoa.gm-6-6.gpg,135,200,6,6,1,0,253,1,233,0,1,288,0,1,256,0,1
ltl2dba03.tlsf.ehoa.gm-6-7.gpg,135,200,7,6,0,0,246,1,230,0,1,230,0,1,250,0,1
ltl2dba03.tlsf.ehoa.gm-6-8.gpg,135,200,8,6,1,0,255,1,273,0,1,327,0,1,280,0,1
ltl2dba03.tlsf.ehoa.gm-7-3.gpg,135,200,3,7,0,0,303,1,290,0,1,310,0,1,298,0,1
ltl2dba03.tlsf.ehoa.gm-7-4.gpg,135,200,4,7,1,0,312,1,287,0,1,321,0,1,304,0,1
ltl2dba03.tlsf.ehoa.gm-7-5.gpg,135,200,5,7,0,0,296,1,282,0,1,305,0,1,340,0,1
ltl2dba03.tlsf.ehoa.gm-7-6.gpg,135,200,6,7,1,0,331,1,326,0,1,394,0,1,335,0,1
ltl2dba03.tlsf.ehoa.gm-7-7.gpg,135,200,7,7,0,0,328,1,302,0,1,288,0,1,316,0,1
ltl2dba03.tlsf.ehoa.gm-7-8.gpg,135,200,8,7,1,0,330,1,306,0,1,347,0,1,336,0,1
ltl2dba03.tlsf.ehoa.gm-8-3.gpg,135,200,3,8,1,0,358,1,328,0,1,380,0,1,407,0,1
ltl2dba03.tlsf.ehoa.gm-8-4.gpg,135,200,4,8,1,0,359,1,366,0,1,428,0,1,378,0,1
ltl2dba03.tlsf.ehoa.gm-8-5.gpg,135,200,5,8,0,0,382,1,420,0,1,365,0,1,358,0,1
ltl2dba03.tlsf.ehoa.gm-8-6.gpg,135,200,6,8,1,0,383,1,347,0,1,440,0,1,350,0,1
ltl2dba03.tlsf.ehoa.gm-8-7.gpg,135,200,7,8,0,0,375,1,360,0,1,361,0,1,406,0,1
ltl2dba03.tlsf.ehoa.gm-8-8.gpg,135,200,8,8,1,0,383,1,360,0,1,370,0,1,388,0,1
ltl2dba04.tlsf.ehoa.gm-1-3.gpg,165,260,3,1,0,0,44,1,41,0,1,41,0,1,41,0,1
ltl2dba04.tlsf.ehoa.gm-1-4.gpg,165,260,4,1,2,0,41,1,41,0,1,48,0,1,49,0,1
ltl2dba04.tlsf.ehoa.gm-1-5.gpg,165,260,5,1,0,0,44,1,41,0,1,40,0,1,45,0,1
ltl2dba04.tlsf.ehoa.gm-1-6.gpg,165,260,6,1,1,0,43,1,41,0,1,43,0,1,41,0,1
ltl2dba04.tlsf.ehoa.gm-1-7.gpg,165,260,7,1,1,0,41,1,42,0,1,50,0,1,48,0,1
ltl2dba04.tlsf.ehoa.gm-1-8.gpg,165,260,8,1,1,0,41,1,41,0,1,46,0,1,45,0,1
ltl2dba04.tlsf.ehoa.gm-2-3.gpg,165,260,3,2,0,0,96,1,93,0,1,106,0,1,94,0,1
ltl2dba04.tlsf.ehoa.gm-2-4.gpg,165,260,4,2,2,0,92,1,98,0,1,114,0,1,109,0,1
ltl2dba04.tlsf.ehoa.gm-2-5.gpg,165,260,5,2,0,0,98,1,90,0,1,89,0,1,99,0,1
ltl2dba04.tlsf.ehoa.gm-2-6.gpg,165,260,6,2,1,0,101,1,111,0,1,106,0,1,92,0,1
ltl2dba04.tlsf.ehoa.gm-2-7.gpg,165,260,7,2,1,0,88,1,134,0,1,105,0,1,148,0,1
ltl2dba04.tlsf.ehoa.gm-2-8.gpg,165,260,8,2,1,0,97,1,84,0,1,91,0,1,93,0,1
ltl2dba04.tlsf.ehoa.gm-3-3.gpg,165,260,3,3,0,0,139,1,117,0,1,119,0,1,130,0,1
ltl2dba04.tlsf.ehoa.gm-3-4.gpg,165,260,4,3,2,0,134,1,127,0,1,147,0,1,147,0,1
ltl2dba04.tlsf.ehoa.gm-3-5.gpg,165,260,5,3,0,0,136,1,140,0,1,131,0,1,139,0,1
ltl2dba04.tlsf.ehoa.gm-3-6.gpg,165,260,6,3,1,0,129,1,129,0,1,146,0,1,134,0,1
ltl2dba04.tlsf.ehoa.gm-3-7.gpg,165,260,7,3,1,0,130,1,139,0,1,129,0,1,172,0,1
ltl2dba04.tlsf.ehoa.gm-3-8.gpg,165,260,8,3,1,0,139,1,134,0,1,147,0,1,140,0,1
ltl2dba04.tlsf.ehoa.gm-4-3.gpg,165,260,3,4,0,0,176,1,162,0,1,162,0,1,184,0,1
ltl2dba04.tlsf.ehoa.gm-4-4.gpg,165,260,4,4,2,0,190,1,202,0,1,216,0,1,186,0,1
ltl2dba04.tlsf.ehoa.gm-4-5.gpg,165,260,5,4,0,0,196,1,182,0,1,187,0,1,197,0,1
ltl2dba04.tlsf.ehoa.gm-4-6.gpg,165,260,6,4,1,0,190,1,186,0,1,197,0,1,204,0,1
ltl2dba04.tlsf.ehoa.gm-4-7.gpg,165,260,7,4,1,0,187,1,181,0,1,181,0,1,181,0,1
ltl2dba04.tlsf.ehoa.gm-4-8.gpg,165,260,8,4,1,0,180,1,162,0,1,179,0,1,183,0,1
ltl2dba04.tlsf.ehoa.gm-5-3.gpg,165,260,3,5,0,0,249,1,226,0,1,225,0,1,222,0,1
ltl2dba04.tlsf.ehoa.gm-5-4.gpg,165,260,4,5,3,0,214,1,215,0,1,252,0,1,232,0,1
ltl2dba04.tlsf.ehoa.gm-5-5.gpg,165,260,5,5,0,0,212,1,204,0,1,194,0,1,217,0,1
ltl2dba04.tlsf.ehoa.gm-5-6.gpg,165,260,6,5,1,0,220,1,213,0,1,241,0,1,209,0,1
ltl2dba04.tlsf.ehoa.gm-5-7.gpg,165,260,7,5,1,0,207,1,197,0,1,223,0,1,267,0,1
ltl2dba04.tlsf.ehoa.gm-5-8.gpg,165,260,8,5,1,0,236,1,247,0,1,244,0,1,220,0,1
ltl2dba04.tlsf.ehoa.gm-6-3.gpg,165,260,3,6,0,0,263,1,250,0,1,254,0,1,256,0,1
ltl2dba04.tlsf.ehoa.gm-6-4.gpg,165,260,4,6,2,0,256,1,253,0,1,301,0,1,267,0,1
ltl2dba04.tlsf.ehoa.gm-6-5.gpg,165,260,5,6,0,0,252,1,242,0,1,252,0,1,264,0,1
ltl2dba04.tlsf.ehoa.gm-6-6.gpg,165,260,6,6,1,0,268,1,247,0,1,291,0,1,286,0,1
ltl2dba04.tlsf.ehoa.gm-6-7.gpg,165,260,7,6,1,0,280,1,242,0,1,252,0,1,285,0,1
ltl2dba04.tlsf.ehoa.gm-6-8.gpg,165,260,8,6,1,0,268,1,251,0,1,270,0,1,293,0,1
ltl2dba04.tlsf.ehoa.gm-7-3.gpg,165,260,3,7,1,0,346,1,302,0,1,313,0,1,334,0,1
ltl2dba04.tlsf.ehoa.gm-7-4.gpg,165,260,4,7,3,0,345,1,320,0,1,369,0,1,358,0,1
ltl2dba04.tlsf.ehoa.gm-7-5.gpg,165,260,5,7,1,0,353,1,314,0,1,317,0,1,337,0,1
ltl2dba04.tlsf.ehoa.gm-7-6.gpg,165,260,6,7,1,0,326,1,321,0,1,353,0,1,320,0,1
ltl2dba04.tlsf.ehoa.gm-7-7.gpg,165,260,7,7,1,0,313,1,299,0,1,321,0,1,351,0,1
ltl2dba04.tlsf.ehoa.gm-7-8.gpg,165,260,8,7,2,0,334,1,317,0,1,336,0,1,321,0,1
ltl2dba04.tlsf.ehoa.gm-8-3.gpg,165,260,3,8,1,0,345,1,325,0,1,326,0,1,350,0,1
ltl2dba04.tlsf.ehoa.gm-8-4.gpg,165,260,4,8,3,0,341,1,353,0,1,411,0,1,367,0,1
ltl2dba04.tlsf.ehoa.gm-8-5.gpg,165,260,5,8,1,0,349,1,330,0,1,327,0,1,372,0,1
ltl2dba04.tlsf.ehoa.gm-8-6.gpg,165,260,6,8,2,0,358,1,331,0,1,428,0,1,350,0,1
ltl2dba04.tlsf.ehoa.gm-8-7.gpg,165,260,7,8,1,0,354,1,344,0,1,339,0,1,385,0,1
ltl2dba04.tlsf.ehoa.gm-8-8.gpg,165,260,8,8,2,0,342,1,343,0,1,374,0,1,375,0,1
ltl2dba05.tlsf.ehoa.gm-1-3.gpg,361,560,3,1,2,0,46,1,41,0,1,41,0,1,45,0,1
ltl2dba05.tlsf.ehoa.gm-1-4.gpg,361,560,4,1,7,0,48,1,44,0,1,54,0,1,57,0,1
ltl2dba05.tlsf.ehoa.gm-1-5.gpg,361,560,5,1,2,0,48,1,44,0,1,41,0,1,48,0,1
ltl2dba05.tlsf.ehoa.gm-1-6.gpg,361,560,6,1,8,0,44,1,49,0,1,77,0,1,48,0,1
ltl2dba05.tlsf.ehoa.gm-1-7.gpg,361,560,7,1,2,0,48,1,59,0,1,47,0,1,52,0,1
ltl2dba05.tlsf.ehoa.gm-1-8.gpg,361,560,8,1,5,0,47,1,44,0,1,55,0,1,57,0,1
ltl2dba05.tlsf.ehoa.gm-2-3.gpg,361,560,3,2,2,0,91,1,86,0,1,85,0,1,94,0,1
ltl2dba05.tlsf.ehoa.gm-2-4.gpg,361,560,4,2,7,0,96,1,97,0,1,117,0,1,105,0,1
ltl2dba05.tlsf.ehoa.gm-2-5.gpg,361,560,5,2,2,0,91,1,85,0,1,82,0,1,99,0,1
ltl2dba05.tlsf.ehoa.gm-2-6.gpg,361,560,6,2,8,0,97,1,93,0,1,142,0,1,102,0,1
ltl2dba05.tlsf.ehoa.gm-2-7.gpg,361,560,7,2,2,0,91,1,86,0,1,81,0,1,108,0,1
ltl2dba05.tlsf.ehoa.gm-2-8.gpg,361,560,8,2,5,0,90,1,84,0,1,110,0,1,101,0,1
ltl2dba05.tlsf.ehoa.gm-3-3.gpg,361,560,3,3,2,0,144,1,132,0,1,132,0,1,138,0,1
ltl2dba05.tlsf.ehoa.gm-3-4.gpg,361,560,4,3,7,0,143,1,137,0,1,175,0,1,149,0,1
ltl2dba05.tlsf.ehoa.gm-3-5.gpg,361,560,5,3,2,0,136,1,129,0,1,130,0,1,152,0,1
ltl2dba05.tlsf.ehoa.gm-3-6.gpg,361,560,6,3,8,0,138,1,149,0,1,206,0,1,150,0,1
ltl2dba05.tlsf.ehoa.gm-3-7.gpg,361,560,7,3,2,0,146,1,138,0,1,135,0,1,162,0,1
ltl2dba05.tlsf.ehoa.gm-3-8.gpg,361,560,8,3,6,0,140,1,130,0,1,173,0,1,159,0,1
ltl2dba05.tlsf.ehoa.gm-4-3.gpg,361,560,3,4,2,0,183,1,166,0,1,169,0,1,187,0,1
ltl2dba05.tlsf.ehoa.gm-4-4.gpg,361,560,4,4,7,0,184,1,183,0,1,234,0,1,192,0,1
ltl2dba05.tlsf.ehoa.gm-4-5.gpg,361,560,5,4,2,0,188,1,181,0,1,185,0,1,205,0,1
ltl2dba05.tlsf.ehoa.gm-4-6.gpg,361,560,6,4,8,0,192,1,193,0,1,279,0,1,209,0,1
ltl2dba05.tlsf.ehoa.gm-4-7.gpg,361,560,7,4,2,0,185,1,187,0,1,167,0,1,210,0,1
ltl2dba05.tlsf.ehoa.gm-4-8.gpg,361,560,8,4,6,0,193,1,187,0,1,243,0,1,240,0,1
ltl2dba05.tlsf.ehoa.gm-5-3.gpg,361,560,3,5,3,0,268,1,222,0,1,211,0,1,235,0,1
ltl2dba05.tlsf.ehoa.gm-5-4.gpg,361,560,4,5,8,0,228,1,222,0,1,303,0,1,283,0,1
ltl2dba05.tlsf.ehoa.gm-5-5.gpg,361,560,5,5,3,0,276,1,231,0,1,232,0,1,260,0,1
ltl2dba05.tlsf.ehoa.gm-5-6.gpg,361,560,6,5,9,0,236,1,240,0,1,363,0,1,262,0,1
ltl2dba05.tlsf.ehoa.gm-5-7.gpg,361,560,7,5,2,0,231,1,219,0,1,219,0,1,271,0,1
ltl2dba05.tlsf.ehoa.gm-5-8.gpg,361,560,8,5,6,0,242,1,224,0,1,295,0,1,253,0,1
ltl2dba05.tlsf.ehoa.gm-6-3.gpg,361,560,3,6,3,0,279,1,255,0,1,257,0,1,290,0,1
ltl2dba05.tlsf.ehoa.gm-6-4.gpg,361,560,4,6,8,0,288,1,268,0,1,381,0,1,298,0,1
ltl2dba05.tlsf.ehoa.gm-6-5.gpg,361,560,5,6,3,0,300,1,255,0,1,256,0,1,299,0,1
ltl2dba05.tlsf.ehoa.gm-6-6.gpg,361,560,6,6,9,0,279,1,304,0,1,436,0,1,304,0,1
ltl2dba05.tlsf.ehoa.gm-6-7.gpg,361,560,7,6,3,0,280,1,297,0,1,303,0,1,318,0,1
ltl2dba05.tlsf.ehoa.gm-6-8.gpg,361,560,8,6,6,0,285,1,279,0,1,376,0,1,313,0,1
ltl2dba05.tlsf.ehoa.gm-7-3.gpg,361,560,3,7,3,0,336,1,310,0,1,301,0,1,346,0,1
ltl2dba05.tlsf.ehoa.gm-7-4.gpg,361,560,4,7,8,0,334,1,325,0,1,476,0,1,342,0,1
ltl2dba05.tlsf.ehoa.gm-7-5.gpg,361,560,5,7,3,0,346,1,302,0,1,297,0,1,343,0,1
ltl2dba05.tlsf.ehoa.gm-7-6.gpg,361,560,6,7,9,0,342,1,332,0,1,538,0,1,357,0,1
ltl2dba05.tlsf.ehoa.gm-7-7.gpg,361,560,7,7,3,0,329,1,303,0,1,296,0,1,383,0,1
ltl2dba05.tlsf.ehoa.gm-7-8.gpg,361,560,8,7,6,0,324,1,309,0,1,460,0,1,371,0,1
ltl2dba05.tlsf.ehoa.gm-8-3.gpg,361,560,3,8,3,0,379,1,351,0,1,351,0,1,402,0,1
ltl2dba05.tlsf.ehoa.gm-8-4.gpg,361,560,4,8,8,0,375,1,371,0,1,586,0,1,411,0,1
ltl2dba05.tlsf.ehoa.gm-8-5.gpg,361,560,5,8,3,0,378,1,345,0,1,338,0,1,418,0,1
ltl2dba05.tlsf.ehoa.gm-8-6.gpg,361,560,6,8,9,0,373,1,388,0,1,637,0,1,407,0,1
ltl2dba05.tlsf.ehoa.gm-8-7.gpg,361,560,7,8,3,0,376,1,360,0,1,351,0,1,426,0,1
ltl2dba05.tlsf.ehoa.gm-8-8.gpg,361,560,8,8,7,0,386,1,357,0,1,521,0,1,407,0,1
ltl2dba06.tlsf.ehoa.gm-1-3.gpg,329,496,3,1,2,0,47,1,41,0,1,40,0,1,48,0,1
ltl2dba06.tlsf.ehoa.gm-1-4.gpg,329,496,4,1,6,0,47,1,44,0,1,52,0,1,46,0,1
ltl2dba06.tlsf.ehoa.gm-1-5.gpg,329,496,5,1,1,0,47,1,41,0,1,42,0,1,49,0,1
ltl2dba06.tlsf.ehoa.gm-1-6.gpg,329,496,6,1,5,0,45,1,42,0,1,59,0,1,51,0,1
ltl2dba06.tlsf.ehoa.gm-1-7.gpg,329,496,7,1,2,0,46,1,41,0,1,40,0,1,53,0,1
ltl2dba06.tlsf.ehoa.gm-1-8.gpg,329,496,8,1,4,0,44,1,43,0,1,52,0,1,50,0,1
ltl2dba06.tlsf.ehoa.gm-2-3.gpg,329,496,3,2,2,0,96,1,85,0,1,86,0,1,93,0,1
ltl2dba06.tlsf.ehoa.gm-2-4.gpg,329,496,4,2,6,0,89,1,99,0,1,106,0,1,107,0,1
ltl2dba06.tlsf.ehoa.gm-2-5.gpg,329,496,5,2,2,0,97,1,84,0,1,86,0,1,96,0,1
ltl2dba06.tlsf.ehoa.gm-2-6.gpg,329,496,6,2,5,0,90,1,87,0,1,107,0,1,102,0,1
ltl2dba06.tlsf.ehoa.gm-2-7.gpg,329,496,7,2,2,0,91,1,82,0,1,94,0,1,106,0,1
ltl2dba06.tlsf.ehoa.gm-2-8.gpg,329,496,8,2,4,0,97,1,86,0,1,100,0,1,102,0,1
ltl2dba06.tlsf.ehoa.gm-3-3.gpg,329,496,3,3,2,0,136,1,134,0,1,127,0,1,146,0,1
ltl2dba06.tlsf.ehoa.gm-3-4.gpg,329,496,4,3,6,0,136,1,128,0,1,179,0,1,137,0,1
ltl2dba06.tlsf.ehoa.gm-3-5.gpg,329,496,5,3,2,0,135,1,123,0,1,130,0,1,143,0,1
ltl2dba06.tlsf.ehoa.gm-3-6.gpg,329,496,6,3,6,0,135,1,128,0,1,166,0,1,152,0,1
ltl2dba06.tlsf.ehoa.gm-3-7.gpg,329,496,7,3,2,0,135,1,133,0,1,131,0,1,163,0,1
ltl2dba06.tlsf.ehoa.gm-3-8.gpg,329,496,8,3,4,0,142,1,128,0,1,163,0,1,159,0,1
ltl2dba06.tlsf.ehoa.gm-4-3.gpg,329,496,3,4,3,0,186,1,190,0,1,182,0,1,207,0,1
ltl2dba06.tlsf.ehoa.gm-4-4.gpg,329,496,4,4,7,0,203,1,197,0,1,255,0,1,195,0,1
ltl2dba06.tlsf.ehoa.gm-4-5.gpg,329,496,5,4,2,0,181,1,186,0,1,173,0,1,200,0,1
ltl2dba06.tlsf.ehoa.gm-4-6.gpg,329,496,6,4,6,0,181,1,178,0,1,224,0,1,205,0,1
ltl2dba06.tlsf.ehoa.gm-4-7.gpg,329,496,7,4,2,0,180,1,171,0,1,167,0,1,204,0,1
ltl2dba06.tlsf.ehoa.gm-4-8.gpg,329,496,8,4,4,0,190,1,189,0,1,224,0,1,201,0,1
ltl2dba06.tlsf.ehoa.gm-5-3.gpg,329,496,3,5,3,0,256,1,221,0,1,232,0,1,251,0,1
ltl2dba06.tlsf.ehoa.gm-5-4.gpg,329,496,4,5,7,0,249,1,250,0,1,303,0,1,238,0,1
ltl2dba06.tlsf.ehoa.gm-5-5.gpg,329,496,5,5,2,0,272,1,224,0,1,222,0,1,252,0,1
ltl2dba06.tlsf.ehoa.gm-5-6.gpg,329,496,6,5,6,0,238,1,242,0,1,284,0,1,253,0,1
ltl2dba06.tlsf.ehoa.gm-5-7.gpg,329,496,7,5,2,0,232,1,216,0,1,213,0,1,258,0,1
ltl2dba06.tlsf.ehoa.gm-5-8.gpg,329,496,8,5,5,0,242,1,227,0,1,282,0,1,249,0,1
ltl2dba06.tlsf.ehoa.gm-6-3.gpg,329,496,3,6,3,0,276,1,251,0,1,256,0,1,299,0,1
ltl2dba06.tlsf.ehoa.gm-6-4.gpg,329,496,4,6,7,0,274,1,283,0,1,372,0,1,284,0,1
ltl2dba06.tlsf.ehoa.gm-6-5.gpg,329,496,5,6,2,0,308,1,266,0,1,254,0,1,306,0,1
ltl2dba06.tlsf.ehoa.gm-6-6.gpg,329,496,6,6,6,0,281,1,265,0,1,379,0,1,312,0,1
ltl2dba06.tlsf.ehoa.gm-6-7.gpg,329,496,7,6,2,0,285,1,255,0,1,249,0,1,305,0,1
ltl2dba06.tlsf.ehoa.gm-6-8.gpg,329,496,8,6,5,0,289,1,262,0,1,363,0,1,304,0,1
ltl2dba06.tlsf.ehoa.gm-7-3.gpg,329,496,3,7,3,0,330,1,299,0,1,313,0,1,328,0,1
ltl2dba06.tlsf.ehoa.gm-7-4.gpg,329,496,4,7,7,0,358,1,325,0,1,470,0,1,349,0,1
ltl2dba06.tlsf.ehoa.gm-7-5.gpg,329,496,5,7,2,0,356,1,303,0,1,295,0,1,365,0,1
ltl2dba06.tlsf.ehoa.gm-7-6.gpg,329,496,6,7,6,0,345,1,396,0,1,435,0,1,359,0,1
ltl2dba06.tlsf.ehoa.gm-7-7.gpg,329,496,7,7,2,0,325,1,293,0,1,300,0,1,350,0,1
ltl2dba06.tlsf.ehoa.gm-7-8.gpg,329,496,8,7,5,0,316,1,323,0,1,469,0,1,383,0,1
ltl2dba06.tlsf.ehoa.gm-8-3.gpg,329,496,3,8,3,0,431,1,420,0,1,365,0,1,398,0,1
ltl2dba06.tlsf.ehoa.gm-8-4.gpg,329,496,4,8,7,0,374,1,357,0,1,551,0,1,380,0,1
ltl2dba06.tlsf.ehoa.gm-8-5.gpg,329,496,5,8,3,0,390,1,352,0,1,363,0,1,406,0,1
ltl2dba06.tlsf.ehoa.gm-8-6.gpg,329,496,6,8,6,0,374,1,358,0,1,597,0,1,459,0,1
ltl2dba06.tlsf.ehoa.gm-8-7.gpg,329,496,7,8,3,0,423,1,356,0,1,354,0,1,465,0,1
ltl2dba06.tlsf.ehoa.gm-8-8.gpg,329,496,8,8,5,0,388,1,365,0,1,539,0,1,428,0,1
ltl2dba07.tlsf.ehoa.gm-1-3.gpg,148,236,3,1,0,0,41,1,40,0,1,40,0,1,43,0,1
ltl2dba07.tlsf.ehoa.gm-1-4.gpg,148,236,4,1,3,0,51,1,48,1,1,62,1,1,277,0,1
ltl2dba07.tlsf.ehoa.gm-1-5.gpg,148,236,5,1,0,0,40,1,38,0,1,43,0,1,43,0,1
ltl2dba07.tlsf.ehoa.gm-1-6.gpg,148,236,6,1,1,0,40,1,39,0,1,44,0,1,43,0,1
ltl2dba07.tlsf.ehoa.gm-1-7.gpg,148,236,7,1,0,0,47,1,40,0,1,39,0,1,43,0,1
ltl2dba07.tlsf.ehoa.gm-1-8.gpg,148,236,8,1,1,0,41,1,44,0,1,58,0,1,49,0,1
ltl2dba07.tlsf.ehoa.gm-2-3.gpg,148,236,3,2,0,0,83,1,82,0,1,81,0,1,86,0,1
ltl2dba07.tlsf.ehoa.gm-2-4.gpg,148,236,4,2,5,0,94,1,89,0,1,117,0,1,328,0,1
ltl2dba07.tlsf.ehoa.gm-2-5.gpg,148,236,5,2,0,0,83,1,79,0,1,91,0,1,85,0,1
ltl2dba07.tlsf.ehoa.gm-2-6.gpg,148,236,6,2,1,0,85,1,83,0,1,87,0,1,97,0,1
ltl2dba07.tlsf.ehoa.gm-2-7.gpg,148,236,7,2,1,0,85,1,80,0,1,85,0,1,91,0,1
ltl2dba07.tlsf.ehoa.gm-2-8.gpg,148,236,8,2,2,0,82,1,86,0,1,99,0,1,92,0,1
ltl2dba07.tlsf.ehoa.gm-3-3.gpg,148,236,3,3,0,0,129,1,122,0,1,125,0,1,127,0,1
ltl2dba07.tlsf.ehoa.gm-3-4.gpg,148,236,4,3,5,0,135,1,136,0,1,180,0,1,377,0,1
ltl2dba07.tlsf.ehoa.gm-3-5.gpg,148,236,5,3,0,0,140,1,132,0,1,121,0,1,132,0,1
ltl2dba07.tlsf.ehoa.gm-3-6.gpg,148,236,6,3,1,0,129,1,129,0,1,137,0,1,153,0,1
ltl2dba07.tlsf.ehoa.gm-3-7.gpg,148,236,7,3,1,0,141,1,132,0,1,133,0,1,135,0,1
ltl2dba07.tlsf.ehoa.gm-3-8.gpg,148,236,8,3,2,0,132,1,133,0,1,151,0,1,139,0,1
ltl2dba07.tlsf.ehoa.gm-4-3.gpg,148,236,3,4,1,0,170,1,173,0,1,181,0,1,175,0,1
ltl2dba07.tlsf.ehoa.gm-4-4.gpg,148,236,4,4,5,0,179,1,189,0,1,253,0,1,437,0,1
ltl2dba07.tlsf.ehoa.gm-4-5.gpg,148,236,5,4,0,0,176,1,177,0,1,178,0,1,181,0,1
ltl2dba07.tlsf.ehoa.gm-4-6.gpg,148,236,6,4,1,0,179,1,181,0,1,209,0,1,196,0,1
ltl2dba07.tlsf.ehoa.gm-4-7.gpg,148,236,7,4,1,0,178,1,164,0,1,157,0,1,193,0,1
ltl2dba07.tlsf.ehoa.gm-4-8.gpg,148,236,8,4,2,0,201,1,191,0,1,208,0,1,196,0,1
ltl2dba07.tlsf.ehoa.gm-5-3.gpg,148,236,3,5,1,0,221,1,215,0,1,235,0,1,242,0,1
ltl2dba07.tlsf.ehoa.gm-5-4.gpg,148,236,4,5,5,0,230,1,230,0,1,309,0,1,469,0,1
ltl2dba07.tlsf.ehoa.gm-5-5.gpg,148,236,5,5,0,0,214,1,202,0,1,195,0,1,216,0,1
ltl2dba07.tlsf.ehoa.gm-5-6.gpg,148,236,6,5,1,0,217,1,201,0,1,243,0,1,222,0,1
ltl2dba07.tlsf.ehoa.gm-5-7.gpg,148,236,7,5,1,0,211,1,197,0,1,200,0,1,219,0,1
ltl2dba07.tlsf.ehoa.gm-5-8.gpg,148,236,8,5,2,0,207,1,205,0,1,241,0,1,229,0,1
ltl2dba07.tlsf.ehoa.gm-6-3.gpg,148,236,3,6,1,0,243,1,248,0,1,253,0,1,266,0,1
ltl2dba07.tlsf.ehoa.gm-6-4.gpg,148,236,4,6,5,0,252,1,261,0,1,365,0,1,510,0,1
ltl2dba07.tlsf.ehoa.gm-6-5.gpg,148,236,5,6,0,0,256,1,250,0,1,251,0,1,263,0,1
ltl2dba07.tlsf.ehoa.gm-6-6.gpg,148,236,6,6,1,0,253,1,242,0,1,273,0,1,258,0,1
ltl2dba07.tlsf.ehoa.gm-6-7.gpg,148,236,7,6,1,0,250,1,239,0,1,240,0,1,264,0,1
ltl2dba07.tlsf.ehoa.gm-6-8.gpg,148,236,8,6,2,0,265,1,254,0,1,292,0,1,272,0,1
ltl2dba07.tlsf.ehoa.gm-7-3.gpg,148,236,3,7,1,0,302,1,278,0,1,278,0,1,293,0,1
ltl2dba07.tlsf.ehoa.gm-7-4.gpg,148,236,4,7,6,0,289,1,321,0,1,439,0,1,558,0,1
ltl2dba07.tlsf.ehoa.gm-7-5.gpg,148,236,5,7,1,0,292,1,274,0,1,275,0,1,300,0,1
ltl2dba07.tlsf.ehoa.gm-7-6.gpg,148,236,6,7,2,0,301,1,289,0,1,328,0,1,306,0,1
ltl2dba07.tlsf.ehoa.gm-7-7.gpg,148,236,7,7,1,0,286,1,278,0,1,274,0,1,320,0,1
ltl2dba07.tlsf.ehoa.gm-7-8.gpg,148,236,8,7,2,0,299,1,304,0,1,346,0,1,316,0,1
ltl2dba07.tlsf.ehoa.gm-8-3.gpg,148,236,3,8,1,0,332,1,312,0,1,324,0,1,332,0,1
ltl2dba07.tlsf.ehoa.gm-8-4.gpg,148,236,4,8,5,0,340,1,364,0,1,517,0,1,600,0,1
ltl2dba07.tlsf.ehoa.gm-8-5.gpg,148,236,5,8,1,0,341,1,311,0,1,312,0,1,365,0,1
ltl2dba07.tlsf.ehoa.gm-8-6.gpg,148,236,6,8,2,0,331,1,318,0,1,385,0,1,344,0,1
ltl2dba07.tlsf.ehoa.gm-8-7.gpg,148,236,7,8,1,0,330,1,324,0,1,310,0,1,360,0,1
ltl2dba07.tlsf.ehoa.gm-8-8.gpg,148,236,8,8,2,0,346,1,325,0,1,399,0,1,356,0,1
ltl2dba08.tlsf.ehoa.gm-1-3.gpg,21,30,3,1,0,0,37,1,37,0,1,44,0,1,43,0,1
ltl2dba08.tlsf.ehoa.gm-1-4.gpg,21,30,4,1,0,0,38,1,38,0,1,40,0,1,38,0,1
ltl2dba08.tlsf.ehoa.gm-1-5.gpg,21,30,5,1,0,0,44,1,39,0,1,37,0,1,38,0,1
ltl2dba08.tlsf.ehoa.gm-1-6.gpg,21,30,6,1,0,0,38,1,37,0,1,41,0,1,50,0,1
ltl2dba08.tlsf.ehoa.gm-1-7.gpg,21,30,7,1,0,0,40,1,38,0,1,37,0,1,38,0,1
ltl2dba08.tlsf.ehoa.gm-1-8.gpg,21,30,8,1,0,0,40,1,44,0,1,45,0,1,53,0,1
ltl2dba08.tlsf.ehoa.gm-2-3.gpg,21,30,3,2,0,0,82,1,82,0,1,74,0,1,83,0,1
ltl2dba08.tlsf.ehoa.gm-2-4.gpg,21,30,4,2,0,0,81,1,78,0,1,111,0,1,84,0,1
ltl2dba08.tlsf.ehoa.gm-2-5.gpg,21,30,5,2,0,0,74,1,75,0,1,79,0,1,75,0,1
ltl2dba08.tlsf.ehoa.gm-2-6.gpg,21,30,6,2,0,0,78,1,80,0,1,79,0,1,95,0,1
ltl2dba08.tlsf.ehoa.gm-2-7.gpg,21,30,7,2,0,0,83,1,75,0,1,76,0,1,80,0,1
ltl2dba08.tlsf.ehoa.gm-2-8.gpg,21,30,8,2,0,0,77,1,78,0,1,87,0,1,90,0,1
ltl2dba08.tlsf.ehoa.gm-3-3.gpg,21,30,3,3,0,0,115,1,116,0,1,115,0,1,133,0,1
ltl2dba08.tlsf.ehoa.gm-3-4.gpg,21,30,4,3,0,0,122,1,122,0,1,120,0,1,120,0,1
ltl2dba08.tlsf.ehoa.gm-3-5.gpg,21,30,5,3,0,0,115,1,117,0,1,115,0,1,116,0,1
ltl2dba08.tlsf.ehoa.gm-3-6.gpg,21,30,6,3,0,0,115,1,126,0,1,120,0,1,170,0,1
ltl2dba08.tlsf.ehoa.gm-3-7.gpg,21,30,7,3,0,0,117,1,116,0,1,111,0,1,117,0,1
ltl2dba08.tlsf.ehoa.gm-3-8.gpg,21,30,8,3,0,0,123,1,126,0,1,125,0,1,134,0,1
ltl2dba08.tlsf.ehoa.gm-4-3.gpg,21,30,3,4,0,0,164,1,154,0,1,150,0,1,167,0,1
ltl2dba08.tlsf.ehoa.gm-4-4.gpg,21,30,4,4,0,0,158,1,160,0,1,169,0,1,157,0,1
ltl2dba08.tlsf.ehoa.gm-4-5.gpg,21,30,5,4,0,0,153,1,157,0,1,152,0,1,149,0,1
ltl2dba08.tlsf.ehoa.gm-4-6.gpg,21,30,6,4,0,0,152,1,165,0,1,162,0,1,253,0,1
ltl2dba08.tlsf.ehoa.gm-4-7.gpg,21,30,7,4,0,0,162,1,150,0,1,161,0,1,156,0,1
ltl2dba08.tlsf.ehoa.gm-4-8.gpg,21,30,8,4,0,0,155,1,195,0,1,175,0,1,167,0,1
ltl2dba08.tlsf.ehoa.gm-5-3.gpg,21,30,3,5,0,0,191,1,194,0,1,199,0,1,197,0,1
ltl2dba08.tlsf.ehoa.gm-5-4.gpg,21,30,4,5,0,0,194,1,229,0,1,222,0,1,197,0,1
ltl2dba08.tlsf.ehoa.gm-5-5.gpg,21,30,5,5,0,0,189,1,189,0,1,193,0,1,193,0,1
ltl2dba08.tlsf.ehoa.gm-5-6.gpg,21,30,6,5,0,0,198,1,241,0,1,205,0,1,286,0,1
ltl2dba08.tlsf.ehoa.gm-5-7.gpg,21,30,7,5,0,0,192,1,187,0,1,200,0,1,197,0,1
ltl2dba08.tlsf.ehoa.gm-5-8.gpg,21,30,8,5,0,0,196,1,232,0,1,215,0,1,220,0,1
ltl2dba08.tlsf.ehoa.gm-6-3.gpg,21,30,3,6,0,0,243,1,237,0,1,228,0,1,235,0,1
ltl2dba08.tlsf.ehoa.gm-6-4.gpg,21,30,4,6,0,0,237,1,286,0,1,259,0,1,230,0,1
ltl2dba08.tlsf.ehoa.gm-6-5.gpg,21,30,5,6,0,0,227,1,228,0,1,228,0,1,232,0,1
ltl2dba08.tlsf.ehoa.gm-6-6.gpg,21,30,6,6,0,0,261,1,349,0,1,269,0,1,356,0,1
ltl2dba08.tlsf.ehoa.gm-6-7.gpg,21,30,7,6,0,0,247,1,232,0,1,226,0,1,234,0,1
ltl2dba08.tlsf.ehoa.gm-6-8.gpg,21,30,8,6,0,0,234,1,263,0,1,249,0,1,249,0,1
ltl2dba08.tlsf.ehoa.gm-7-3.gpg,21,30,3,7,0,0,288,1,276,0,1,277,0,1,281,0,1
ltl2dba08.tlsf.ehoa.gm-7-4.gpg,21,30,4,7,0,0,268,1,350,0,1,312,0,1,281,0,1
ltl2dba08.tlsf.ehoa.gm-7-5.gpg,21,30,5,7,0,0,276,1,269,0,1,284,0,1,285,0,1
ltl2dba08.tlsf.ehoa.gm-7-6.gpg,21,30,6,7,0,0,271,1,360,0,1,298,0,1,381,0,1
ltl2dba08.tlsf.ehoa.gm-7-7.gpg,21,30,7,7,0,0,268,1,295,0,1,272,0,1,287,0,1
ltl2dba08.tlsf.ehoa.gm-7-8.gpg,21,30,8,7,0,0,276,1,305,0,1,297,0,1,292,0,1
ltl2dba08.tlsf.ehoa.gm-8-3.gpg,21,30,3,8,0,0,321,1,309,0,1,319,0,1,330,0,1
ltl2dba08.tlsf.ehoa.gm-8-4.gpg,21,30,4,8,0,0,318,1,438,0,1,352,0,1,322,0,1
ltl2dba08.tlsf.ehoa.gm-8-5.gpg,21,30,5,8,0,0,337,1,313,0,1,323,0,1,325,0,1
ltl2dba08.tlsf.ehoa.gm-8-6.gpg,21,30,6,8,1,0,315,1,404,0,1,350,0,1,412,0,1
ltl2dba08.tlsf.ehoa.gm-8-7.gpg,21,30,7,8,0,0,317,1,319,0,1,327,0,1,328,0,1
ltl2dba08.tlsf.ehoa.gm-8-8.gpg,21,30,8,8,0,0,318,1,352,0,1,338,0,1,341,0,1
ltl2dba09.tlsf.ehoa.gm-1-3.gpg,75,120,3,1,0,0,39,1,41,0,1,38,0,1,46,0,1
ltl2dba09.tlsf.ehoa.gm-1-4.gpg,75,120,4,1,0,0,43,1,41,0,1,44,0,1,46,0,1
ltl2dba09.tlsf.ehoa.gm-1-5.gpg,75,120,5,1,0,0,41,1,41,0,1,40,0,1,59,0,1
ltl2dba09.tlsf.ehoa.gm-1-6.gpg,75,120,6,1,0,0,42,1,40,0,1,41,0,1,40,0,1
ltl2dba09.tlsf.ehoa.gm-1-7.gpg,75,120,7,1,0,0,41,1,41,0,1,43,0,1,45,0,1
ltl2dba09.tlsf.ehoa.gm-1-8.gpg,75,120,8,1,0,0,41,1,44,0,1,56,0,1,44,0,1
ltl2dba09.tlsf.ehoa.gm-2-3.gpg,75,120,3,2,0,0,86,1,76,0,1,75,0,1,83,0,1
ltl2dba09.tlsf.ehoa.gm-2-4.gpg,75,120,4,2,0,0,77,1,76,0,1,82,0,1,79,0,1
ltl2dba09.tlsf.ehoa.gm-2-5.gpg,75,120,5,2,1,0,79,1,86,0,1,79,0,1,102,0,1
ltl2dba09.tlsf.ehoa.gm-2-6.gpg,75,120,6,2,0,0,85,1,79,0,1,79,0,1,88,0,1
ltl2dba09.tlsf.ehoa.gm-2-7.gpg,75,120,7,2,0,0,77,1,78,0,1,84,0,1,83,0,1
ltl2dba09.tlsf.ehoa.gm-2-8.gpg,75,120,8,2,0,0,80,1,89,0,1,104,0,1,85,0,1
ltl2dba09.tlsf.ehoa.gm-3-3.gpg,75,120,3,3,0,0,119,1,120,0,1,137,0,1,125,0,1
ltl2dba09.tlsf.ehoa.gm-3-4.gpg,75,120,4,3,0,0,118,1,117,0,1,124,0,1,127,0,1
ltl2dba09.tlsf.ehoa.gm-3-5.gpg,75,120,5,3,1,0,130,1,132,0,1,137,0,1,162,0,1
ltl2dba09.tlsf.ehoa.gm-3-6.gpg,75,120,6,3,0,0,119,1,122,0,1,154,0,1,157,0,1
ltl2dba09.tlsf.ehoa.gm-3-7.gpg,75,120,7,3,0,0,148,1,129,0,1,135,0,1,125,0,1
ltl2dba09.tlsf.ehoa.gm-3-8.gpg,75,120,8,3,0,0,124,1,130,0,1,155,0,1,128,0,1
ltl2dba09.tlsf.ehoa.gm-4-3.gpg,75,120,3,4,0,0,166,1,159,0,1,154,0,1,160,0,1
ltl2dba09.tlsf.ehoa.gm-4-4.gpg,75,120,4,4,0,0,152,1,156,0,1,173,0,1,156,0,1
ltl2dba09.tlsf.ehoa.gm-4-5.gpg,75,120,5,4,1,0,167,1,158,0,1,153,0,1,189,0,1
ltl2dba09.tlsf.ehoa.gm-4-6.gpg,75,120,6,4,0,0,165,1,168,0,1,167,0,1,170,0,1
ltl2dba09.tlsf.ehoa.gm-4-7.gpg,75,120,7,4,0,0,152,1,155,0,1,155,0,1,164,0,1
ltl2dba09.tlsf.ehoa.gm-4-8.gpg,75,120,8,4,0,0,173,1,163,0,1,185,0,1,171,0,1
ltl2dba09.tlsf.ehoa.gm-5-3.gpg,75,120,3,5,0,0,196,1,190,0,1,198,0,1,214,0,1
ltl2dba09.tlsf.ehoa.gm-5-4.gpg,75,120,4,5,0,0,207,1,196,0,1,243,0,1,228,0,1
ltl2dba09.tlsf.ehoa.gm-5-5.gpg,75,120,5,5,1,0,209,1,214,0,1,231,0,1,247,0,1
ltl2dba09.tlsf.ehoa.gm-5-6.gpg,75,120,6,5,0,0,205,1,199,0,1,208,0,1,266,0,1
ltl2dba09.tlsf.ehoa.gm-5-7.gpg,75,120,7,5,0,0,208,1,193,0,1,200,0,1,213,0,1
ltl2dba09.tlsf.ehoa.gm-5-8.gpg,75,120,8,5,0,0,208,1,218,0,1,243,0,1,222,0,1
ltl2dba09.tlsf.ehoa.gm-6-3.gpg,75,120,3,6,0,0,236,1,250,0,1,238,0,1,256,0,1
ltl2dba09.tlsf.ehoa.gm-6-4.gpg,75,120,4,6,0,0,247,1,239,0,1,268,0,1,241,0,1
ltl2dba09.tlsf.ehoa.gm-6-5.gpg,75,120,5,6,1,0,252,1,238,0,1,238,0,1,279,0,1
ltl2dba09.tlsf.ehoa.gm-6-6.gpg,75,120,6,6,0,0,246,1,247,0,1,248,0,1,250,0,1
ltl2dba09.tlsf.ehoa.gm-6-7.gpg,75,120,7,6,0,0,242,1,242,0,1,256,0,1,298,0,1
ltl2dba09.tlsf.ehoa.gm-6-8.gpg,75,120,8,6,1,0,252,1,260,0,1,283,0,1,267,0,1
ltl2dba09.tlsf.ehoa.gm-7-3.gpg,75,120,3,7,0,0,285,1,277,0,1,272,0,1,289,0,1
ltl2dba09.tlsf.ehoa.gm-7-4.gpg,75,120,4,7,0,0,283,1,275,0,1,316,0,1,297,0,1
ltl2dba09.tlsf.ehoa.gm-7-5.gpg,75,120,5,7,1,0,284,1,280,0,1,278,0,1,328,0,1
ltl2dba09.tlsf.ehoa.gm-7-6.gpg,75,120,6,7,0,0,285,1,287,0,1,290,0,1,290,0,1
ltl2dba09.tlsf.ehoa.gm-7-7.gpg,75,120,7,7,0,0,298,1,286,0,1,277,0,1,296,0,1
ltl2dba09.tlsf.ehoa.gm-7-8.gpg,75,120,8,7,1,0,282,1,285,0,1,318,0,1,299,0,1
ltl2dba09.tlsf.ehoa.gm-8-3.gpg,75,120,3,8,0,0,363,1,322,0,1,313,0,1,331,0,1
ltl2dba09.tlsf.ehoa.gm-8-4.gpg,75,120,4,8,0,0,321,1,316,0,1,397,0,1,372,0,1
ltl2dba09.tlsf.ehoa.gm-8-5.gpg,75,120,5,8,1,0,344,1,355,0,1,372,0,1,370,0,1
ltl2dba09.tlsf.ehoa.gm-8-6.gpg,75,120,6,8,0,0,350,1,358,0,1,369,0,1,363,0,1
ltl2dba09.tlsf.ehoa.gm-8-7.gpg,75,120,7,8,0,0,357,1,333,0,1,321,0,1,361,0,1
ltl2dba09.tlsf.ehoa.gm-8-8.gpg,75,120,8,8,1,0,334,1,361,0,1,387,0,1,375,0,1
ltl2dba10.tlsf.ehoa.gm-1-3.gpg,77,118,3,1,0,0,40,1,37,0,1,42,0,1,40,0,1
ltl2dba10.tlsf.ehoa.gm-1-4.gpg,77,118,4,1,1,0,41,1,45,0,1,46,0,1,53,0,1
ltl2dba10.tlsf.ehoa.gm-1-5.gpg,77,118,5,1,0,0,42,1,39,0,1,38,0,1,43,0,1
ltl2dba10.tlsf.ehoa.gm-1-6.gpg,77,118,6,1,0,0,45,1,51,0,1,47,0,1,71,0,1
ltl2dba10.tlsf.ehoa.gm-1-7.gpg,77,118,7,1,0,0,42,1,40,0,1,42,0,1,43,0,1
ltl2dba10.tlsf.ehoa.gm-1-8.gpg,77,118,8,1,0,0,38,1,41,0,1,41,0,1,41,0,1
ltl2dba10.tlsf.ehoa.gm-2-3.gpg,77,118,3,2,0,0,92,1,87,0,1,79,0,1,83,0,1
ltl2dba10.tlsf.ehoa.gm-2-4.gpg,77,118,4,2,1,0,93,1,84,0,1,96,0,1,96,0,1
ltl2dba10.tlsf.ehoa.gm-2-5.gpg,77,118,5,2,0,0,86,1,84,0,1,83,0,1,90,0,1
ltl2dba10.tlsf.ehoa.gm-2-6.gpg,77,118,6,2,1,0,84,1,84,1,1,101,1,1,304,0,1
ltl2dba10.tlsf.ehoa.gm-2-7.gpg,77,118,7,2,0,0,79,1,81,0,1,78,0,1,90,0,1
ltl2dba10.tlsf.ehoa.gm-2-8.gpg,77,118,8,2,0,0,78,1,85,0,1,84,0,1,82,0,1
ltl2dba10.tlsf.ehoa.gm-3-3.gpg,77,118,3,3,0,0,133,1,120,0,1,119,0,1,133,0,1
ltl2dba10.tlsf.ehoa.gm-3-4.gpg,77,118,4,3,1,0,127,1,124,0,1,133,0,1,137,0,1
ltl2dba10.tlsf.ehoa.gm-3-5.gpg,77,118,5,3,0,0,128,1,126,0,1,128,0,1,157,0,1
ltl2dba10.tlsf.ehoa.gm-3-6.gpg,77,118,6,3,2,0,128,1,144,1,1,142,1,1,581,0,1
ltl2dba10.tlsf.ehoa.gm-3-7.gpg,77,118,7,3,0,0,123,1,128,0,1,125,0,1,136,0,1
ltl2dba10.tlsf.ehoa.gm-3-8.gpg,77,118,8,3,0,0,122,1,124,0,1,136,0,1,131,0,1
ltl2dba10.tlsf.ehoa.gm-4-3.gpg,77,118,3,4,0,0,160,1,165,0,1,155,0,1,172,0,1
ltl2dba10.tlsf.ehoa.gm-4-4.gpg,77,118,4,4,1,0,171,1,186,0,1,188,0,1,178,0,1
ltl2dba10.tlsf.ehoa.gm-4-5.gpg,77,118,5,4,0,0,170,1,160,0,1,167,0,1,177,0,1
ltl2dba10.tlsf.ehoa.gm-4-6.gpg,77,118,6,4,3,0,170,1,180,0,1,196,0,1,615,0,1
ltl2dba10.tlsf.ehoa.gm-4-7.gpg,77,118,7,4,0,0,182,1,169,0,1,155,0,1,164,0,1
ltl2dba10.tlsf.ehoa.gm-4-8.gpg,77,118,8,4,0,0,179,1,173,0,1,162,0,1,166,0,1
ltl2dba10.tlsf.ehoa.gm-5-3.gpg,77,118,3,5,0,0,201,1,212,0,1,206,0,1,215,0,1
ltl2dba10.tlsf.ehoa.gm-5-4.gpg,77,118,4,5,1,0,215,1,217,0,1,245,0,1,232,0,1
ltl2dba10.tlsf.ehoa.gm-5-5.gpg,77,118,5,5,0,0,210,1,212,0,1,203,0,1,233,0,1
ltl2dba10.tlsf.ehoa.gm-5-6.gpg,77,118,6,5,3,0,231,1,233,0,1,269,0,1,672,0,1
ltl2dba10.tlsf.ehoa.gm-5-7.gpg,77,118,7,5,0,0,232,1,212,0,1,218,0,1,211,0,1
ltl2dba10.tlsf.ehoa.gm-5-8.gpg,77,118,8,5,0,0,208,1,195,0,1,221,0,1,227,0,1
ltl2dba10.tlsf.ehoa.gm-6-3.gpg,77,118,3,6,0,0,245,1,246,0,1,252,0,1,253,0,1
ltl2dba10.tlsf.ehoa.gm-6-4.gpg,77,118,4,6,1,0,272,1,250,0,1,269,0,1,282,0,1
ltl2dba10.tlsf.ehoa.gm-6-5.gpg,77,118,5,6,0,0,246,1,240,0,1,254,0,1,264,0,1
ltl2dba10.tlsf.ehoa.gm-6-6.gpg,77,118,6,6,3,0,254,1,274,0,1,292,0,1,703,0,1
ltl2dba10.tlsf.ehoa.gm-6-7.gpg,77,118,7,6,0,0,249,1,233,0,1,251,0,1,242,0,1
ltl2dba10.tlsf.ehoa.gm-6-8.gpg,77,118,8,6,0,0,255,1,241,0,1,247,0,1,245,0,1
ltl2dba10.tlsf.ehoa.gm-7-3.gpg,77,118,3,7,0,0,276,1,292,0,1,292,0,1,311,0,1
ltl2dba10.tlsf.ehoa.gm-7-4.gpg,77,118,4,7,1,0,332,1,328,0,1,351,0,1,313,0,1
ltl2dba10.tlsf.ehoa.gm-7-5.gpg,77,118,5,7,0,0,298,1,272,0,1,284,0,1,298,0,1
ltl2dba10.tlsf.ehoa.gm-7-6.gpg,77,118,6,7,3,0,289,1,291,0,1,343,0,1,754,0,1
ltl2dba10.tlsf.ehoa.gm-7-7.gpg,77,118,7,7,0,0,277,1,285,0,1,311,0,1,305,0,1
ltl2dba10.tlsf.ehoa.gm-7-8.gpg,77,118,8,7,0,0,279,1,294,0,1,303,0,1,294,0,1
ltl2dba10.tlsf.ehoa.gm-8-3.gpg,77,118,3,8,0,0,329,1,313,0,1,314,0,1,334,0,1
ltl2dba10.tlsf.ehoa.gm-8-4.gpg,77,118,4,8,1,0,325,1,342,0,1,382,0,1,355,0,1
ltl2dba10.tlsf.ehoa.gm-8-5.gpg,77,118,5,8,0,0,324,1,334,0,1,326,0,1,336,0,1
ltl2dba10.tlsf.ehoa.gm-8-6.gpg,77,118,6,8,3,0,353,1,349,0,1,432,0,1,792,0,1
ltl2dba10.tlsf.ehoa.gm-8-7.gpg,77,118,7,8,0,0,336,1,332,0,1,321,0,1,341,0,1
ltl2dba10.tlsf.ehoa.gm-8-8.gpg,77,118,8,8,0,0,323,1,344,0,1,357,0,1,362,0,1
ltl2dba11.tlsf.ehoa.gm-1-3.gpg,21,30,3,1,0,0,39,1,38,0,1,38,0,1,40,0,1
ltl2dba11.tlsf.ehoa.gm-1-4.gpg,21,30,4,1,0,0,39,1,39,0,1,46,0,1,42,0,1
ltl2dba11.tlsf.ehoa.gm-1-5.gpg,21,30,5,1,0,0,39,1,41,0,1,38,0,1,45,0,1
ltl2dba11.tlsf.ehoa.gm-1-6.gpg,21,30,6,1,0,0,40,1,39,0,1,40,0,1,39,0,1
ltl2dba11.tlsf.ehoa.gm-1-7.gpg,21,30,7,1,0,0,39,1,38,0,1,41,0,1,47,0,1
ltl2dba11.tlsf.ehoa.gm-1-8.gpg,21,30,8,1,0,0,47,1,46,0,1,45,0,1,44,0,1
ltl2dba11.tlsf.ehoa.gm-2-3.gpg,21,30,3,2,0,0,79,1,90,0,1,90,0,1,86,0,1
ltl2dba11.tlsf.ehoa.gm-2-4.gpg,21,30,4,2,0,0,90,1,86,0,1,78,0,1,83,0,1
ltl2dba11.tlsf.ehoa.gm-2-5.gpg,21,30,5,2,0,0,77,1,84,0,1,79,0,1,91,0,1
ltl2dba11.tlsf.ehoa.gm-2-6.gpg,21,30,6,2,0,0,78,1,90,0,1,93,0,1,87,0,1
ltl2dba11.tlsf.ehoa.gm-2-7.gpg,21,30,7,2,0,0,86,1,82,1,1,77,0,1,93,0,1
ltl2dba11.tlsf.ehoa.gm-2-8.gpg,21,30,8,2,0,0,81,1,89,0,1,89,0,1,84,0,1
ltl2dba11.tlsf.ehoa.gm-3-3.gpg,21,30,3,3,0,0,123,1,117,0,1,125,0,1,127,0,1
ltl2dba11.tlsf.ehoa.gm-3-4.gpg,21,30,4,3,0,0,137,1,122,0,1,124,0,1,114,0,1
ltl2dba11.tlsf.ehoa.gm-3-5.gpg,21,30,5,3,0,0,132,1,126,0,1,131,0,1,136,0,1
ltl2dba11.tlsf.ehoa.gm-3-6.gpg,21,30,6,3,0,0,122,1,121,0,1,137,0,1,137,0,1
ltl2dba11.tlsf.ehoa.gm-3-7.gpg,21,30,7,3,1,0,130,1,124,1,1,125,0,1,132,0,1
ltl2dba11.tlsf.ehoa.gm-3-8.gpg,21,30,8,3,0,0,120,1,117,0,1,126,0,1,127,0,1
ltl2dba11.tlsf.ehoa.gm-4-3.gpg,21,30,3,4,0,0,165,1,166,0,1,158,0,1,168,0,1
ltl2dba11.tlsf.ehoa.gm-4-4.gpg,21,30,4,4,0,0,174,1,174,0,1,182,0,1,158,0,1
ltl2dba11.tlsf.ehoa.gm-4-5.gpg,21,30,5,4,0,0,158,1,170,0,1,169,0,1,177,0,1
ltl2dba11.tlsf.ehoa.gm-4-6.gpg,21,30,6,4,0,0,159,1,159,0,1,165,0,1,164,0,1
ltl2dba11.tlsf.ehoa.gm-4-7.gpg,21,30,7,4,1,0,172,1,165,0,1,158,0,1,171,0,1
ltl2dba11.tlsf.ehoa.gm-4-8.gpg,21,30,8,4,0,0,156,1,158,0,1,161,0,1,164,0,1
ltl2dba11.tlsf.ehoa.gm-5-3.gpg,21,30,3,5,0,0,196,1,189,0,1,187,0,1,193,0,1
ltl2dba11.tlsf.ehoa.gm-5-4.gpg,21,30,4,5,0,0,204,1,193,0,1,209,0,1,192,0,1
ltl2dba11.tlsf.ehoa.gm-5-5.gpg,21,30,5,5,0,0,193,1,205,0,1,204,0,1,216,0,1
ltl2dba11.tlsf.ehoa.gm-5-6.gpg,21,30,6,5,0,0,196,1,207,0,1,217,0,1,200,0,1
ltl2dba11.tlsf.ehoa.gm-5-7.gpg,21,30,7,5,1,0,210,1,215,0,1,201,0,1,251,0,1
ltl2dba11.tlsf.ehoa.gm-5-8.gpg,21,30,8,5,0,0,232,1,216,0,1,199,0,1,202,0,1
ltl2dba11.tlsf.ehoa.gm-6-3.gpg,21,30,3,6,0,0,231,1,243,0,1,232,0,1,254,0,1
ltl2dba11.tlsf.ehoa.gm-6-4.gpg,21,30,4,6,0,0,248,1,250,0,1,266,0,1,338,0,1
ltl2dba11.tlsf.ehoa.gm-6-5.gpg,21,30,5,6,0,0,285,1,280,0,1,272,0,1,282,0,1
ltl2dba11.tlsf.ehoa.gm-6-6.gpg,21,30,6,6,0,0,242,1,240,0,1,257,0,1,236,0,1
ltl2dba11.tlsf.ehoa.gm-6-7.gpg,21,30,7,6,1,0,271,1,254,0,1,258,0,1,251,0,1
ltl2dba11.tlsf.ehoa.gm-6-8.gpg,21,30,8,6,0,0,233,1,241,0,1,258,0,1,236,0,1
ltl2dba11.tlsf.ehoa.gm-7-3.gpg,21,30,3,7,0,0,267,1,267,0,1,294,0,1,285,0,1
ltl2dba11.tlsf.ehoa.gm-7-4.gpg,21,30,4,7,0,0,267,1,285,0,1,303,0,1,274,0,1
ltl2dba11.tlsf.ehoa.gm-7-5.gpg,21,30,5,7,0,0,270,1,271,0,1,273,0,1,296,0,1
ltl2dba11.tlsf.ehoa.gm-7-6.gpg,21,30,6,7,0,0,302,1,322,0,1,333,0,1,281,0,1
ltl2dba11.tlsf.ehoa.gm-7-7.gpg,21,30,7,7,1,0,326,1,319,0,1,284,0,1,366,0,1
ltl2dba11.tlsf.ehoa.gm-7-8.gpg,21,30,8,7,0,0,326,1,322,0,1,420,0,1,404,0,1
ltl2dba11.tlsf.ehoa.gm-8-3.gpg,21,30,3,8,0,0,394,1,368,0,1,370,0,1,385,0,1
ltl2dba11.tlsf.ehoa.gm-8-4.gpg,21,30,4,8,0,0,383,1,360,0,1,349,0,1,458,0,1
ltl2dba11.tlsf.ehoa.gm-8-5.gpg,21,30,5,8,0,0,380,1,388,0,1,380,0,1,402,0,1
ltl2dba11.tlsf.ehoa.gm-8-6.gpg,21,30,6,8,0,0,369,1,332,0,1,342,0,1,323,0,1
ltl2dba11.tlsf.ehoa.gm-8-7.gpg,21,30,7,8,1,0,331,1,328,0,1,341,0,1,329,0,1
ltl2dba11.tlsf.ehoa.gm-8-8.gpg,21,30,8,8,0,0,308,1,316,0,1,337,0,1,326,0,1
ltl2dba12.tlsf.ehoa.gm-1-3.gpg,81,120,3,1,0,0,40,1,38,0,1,38,0,1,41,0,1
ltl2dba12.tlsf.ehoa.gm-1-4.gpg,81,120,4,1,0,0,39,1,42,0,1,43,0,1,41,0,1
ltl2dba12.tlsf.ehoa.gm-1-5.gpg,81,120,5,1,1,0,41,1,41,0,1,40,0,1,50,0,1
ltl2dba12.tlsf.ehoa.gm-1-6.gpg,81,120,6,1,0,0,41,1,39,0,1,43,0,1,42,0,1
ltl2dba12.tlsf.ehoa.gm-1-7.gpg,81,120,7,1,0,0,41,1,45,0,1,43,0,1,44,0,1
ltl2dba12.tlsf.ehoa.gm-1-8.gpg,81,120,8,1,0,0,39,1,39,0,1,43,0,1,48,0,1
ltl2dba12.tlsf.ehoa.gm-2-3.gpg,81,120,3,2,0,0,83,1,77,0,1,78,0,1,81,0,1
ltl2dba12.tlsf.ehoa.gm-2-4.gpg,81,120,4,2,0,0,77,1,80,0,1,81,0,1,78,0,1
ltl2dba12.tlsf.ehoa.gm-2-5.gpg,81,120,5,2,1,0,86,1,82,0,1,81,0,1,97,0,1
ltl2dba12.tlsf.ehoa.gm-2-6.gpg,81,120,6,2,0,0,85,1,78,0,1,83,0,1,81,0,1
ltl2dba12.tlsf.ehoa.gm-2-7.gpg,81,120,7,2,0,0,85,1,89,0,1,97,0,1,94,0,1
ltl2dba12.tlsf.ehoa.gm-2-8.gpg,81,120,8,2,0,0,88,1,85,0,1,89,0,1,91,0,1
ltl2dba12.tlsf.ehoa.gm-3-3.gpg,81,120,3,3,0,0,120,1,155,0,1,141,0,1,172,0,1
ltl2dba12.tlsf.ehoa.gm-3-4.gpg,81,120,4,3,0,0,168,1,150,0,1,181,0,1,153,0,1
ltl2dba12.tlsf.ehoa.gm-3-5.gpg,81,120,5,3,2,0,176,1,171,0,1,158,0,1,175,0,1
ltl2dba12.tlsf.ehoa.gm-3-6.gpg,81,120,6,3,0,0,140,1,139,0,1,137,0,1,129,0,1
ltl2dba12.tlsf.ehoa.gm-3-7.gpg,81,120,7,3,0,0,129,1,133,0,1,135,0,1,142,0,1
ltl2dba12.tlsf.ehoa.gm-3-8.gpg,81,120,8,3,0,0,181,1,157,0,1,162,0,1,148,0,1
ltl2dba12.tlsf.ehoa.gm-4-3.gpg,81,120,3,4,0,0,205,1,188,0,1,194,0,1,188,0,1
ltl2dba12.tlsf.ehoa.gm-4-4.gpg,81,120,4,4,0,0,181,1,180,0,1,196,0,1,169,0,1
ltl2dba12.tlsf.ehoa.gm-4-5.gpg,81,120,5,4,2,0,175,1,164,0,1,188,0,1,202,0,1
ltl2dba12.tlsf.ehoa.gm-4-6.gpg,81,120,6,4,0,0,167,1,172,0,1,170,0,1,172,0,1
ltl2dba12.tlsf.ehoa.gm-4-7.gpg,81,120,7,4,0,0,163,1,165,0,1,163,0,1,177,0,1
ltl2dba12.tlsf.ehoa.gm-4-8.gpg,81,120,8,4,1,0,181,1,188,0,1,243,0,1,193,0,1
ltl2dba12.tlsf.ehoa.gm-5-3.gpg,81,120,3,5,0,0,211,1,216,0,1,212,0,1,218,0,1
ltl2dba12.tlsf.ehoa.gm-5-4.gpg,81,120,4,5,0,0,228,1,213,0,1,239,0,1,223,0,1
ltl2dba12.tlsf.ehoa.gm-5-5.gpg,81,120,5,5,2,0,225,1,231,0,1,241,0,1,227,0,1
ltl2dba12.tlsf.ehoa.gm-5-6.gpg,81,120,6,5,0,0,209,1,209,0,1,233,0,1,210,0,1
ltl2dba12.tlsf.ehoa.gm-5-7.gpg,81,120,7,5,0,0,221,1,215,0,1,201,0,1,208,0,1
ltl2dba12.tlsf.ehoa.gm-5-8.gpg,81,120,8,5,1,0,209,1,212,0,1,236,0,1,206,0,1
ltl2dba12.tlsf.ehoa.gm-6-3.gpg,81,120,3,6,0,0,243,1,271,0,1,250,0,1,271,0,1
ltl2dba12.tlsf.ehoa.gm-6-4.gpg,81,120,4,6,0,0,253,1,238,0,1,266,0,1,248,0,1
ltl2dba12.tlsf.ehoa.gm-6-5.gpg,81,120,5,6,2,0,251,1,240,0,1,245,0,1,282,0,1
ltl2dba12.tlsf.ehoa.gm-6-6.gpg,81,120,6,6,0,0,244,1,240,0,1,259,0,1,246,0,1
ltl2dba12.tlsf.ehoa.gm-6-7.gpg,81,120,7,6,0,0,254,1,252,0,1,257,0,1,258,0,1
ltl2dba12.tlsf.ehoa.gm-6-8.gpg,81,120,8,6,1,0,260,1,261,0,1,266,0,1,262,0,1
ltl2dba12.tlsf.ehoa.gm-7-3.gpg,81,120,3,7,0,0,306,1,284,0,1,306,0,1,322,0,1
ltl2dba12.tlsf.ehoa.gm-7-4.gpg,81,120,4,7,0,0,326,1,294,0,1,420,0,1,297,0,1
ltl2dba12.tlsf.ehoa.gm-7-5.gpg,81,120,5,7,2,0,292,1,279,0,1,300,0,1,338,0,1
ltl2dba12.tlsf.ehoa.gm-7-6.gpg,81,120,6,7,0,0,315,1,353,0,1,331,0,1,313,0,1
ltl2dba12.tlsf.ehoa.gm-7-7.gpg,81,120,7,7,0,0,339,1,324,0,1,315,0,1,321,0,1
ltl2dba12.tlsf.ehoa.gm-7-8.gpg,81,120,8,7,1,0,299,1,304,0,1,334,0,1,309,0,1
ltl2dba12.tlsf.ehoa.gm-8-3.gpg,81,120,3,8,0,0,393,1,354,0,1,324,0,1,405,0,1
ltl2dba12.tlsf.ehoa.gm-8-4.gpg,81,120,4,8,1,0,351,1,333,0,1,411,0,1,384,0,1
ltl2dba12.tlsf.ehoa.gm-8-5.gpg,81,120,5,8,2,0,384,1,339,0,1,379,0,1,372,0,1
ltl2dba12.tlsf.ehoa.gm-8-6.gpg,81,120,6,8,0,0,352,1,337,0,1,358,0,1,367,0,1
ltl2dba12.tlsf.ehoa.gm-8-7.gpg,81,120,7,8,0,0,381,1,370,0,1,328,0,1,347,0,1
ltl2dba12.tlsf.ehoa.gm-8-8.gpg,81,120,8,8,1,0,377,1,374,0,1,361,0,1,344,0,1
ltl2dba13.tlsf.ehoa.gm-1-3.gpg,151,222,3,1,0,0,41,1,38,0,1,40,0,1,43,0,1
ltl2dba13.tlsf.ehoa.gm-1-4.gpg,151,222,4,1,1,0,43,1,46,0,1,43,0,1,42,0,1
ltl2dba13.tlsf.ehoa.gm-1-5.gpg,151,222,5,1,0,0,40,1,38,0,1,38,0,1,46,0,1
ltl2dba13.tlsf.ehoa.gm-1-6.gpg,151,222,6,1,1,0,51,1,46,0,1,51,0,1,49,0,1
ltl2dba13.tlsf.ehoa.gm-1-7.gpg,151,222,7,1,0,0,81,1,46,0,1,46,0,1,50,0,1
ltl2dba13.tlsf.ehoa.gm-1-8.gpg,151,222,8,1,1,0,49,1,44,0,1,48,0,1,47,0,1
ltl2dba13.tlsf.ehoa.gm-2-3.gpg,151,222,3,2,0,0,90,1,89,0,1,86,0,1,89,0,1
ltl2dba13.tlsf.ehoa.gm-2-4.gpg,151,222,4,2,1,0,80,1,81,0,1,96,0,1,94,0,1
ltl2dba13.tlsf.ehoa.gm-2-5.gpg,151,222,5,2,0,0,84,1,83,0,1,82,0,1,88,0,1
ltl2dba13.tlsf.ehoa.gm-2-6.gpg,151,222,6,2,1,0,94,1,87,0,1,87,0,1,86,0,1
ltl2dba13.tlsf.ehoa.gm-2-7.gpg,151,222,7,2,0,0,83,1,76,0,1,78,0,1,84,0,1
ltl2dba13.tlsf.ehoa.gm-2-8.gpg,151,222,8,2,1,0,82,1,80,0,1,88,0,1,84,0,1
ltl2dba13.tlsf.ehoa.gm-3-3.gpg,151,222,3,3,0,0,134,1,122,0,1,128,0,1,128,0,1
ltl2dba13.tlsf.ehoa.gm-3-4.gpg,151,222,4,3,1,0,132,1,125,0,1,141,0,1,150,0,1
ltl2dba13.tlsf.ehoa.gm-3-5.gpg,151,222,5,3,0,0,151,1,147,0,1,134,0,1,163,0,1
ltl2dba13.tlsf.ehoa.gm-3-6.gpg,151,222,6,3,1,0,135,1,135,0,1,148,0,1,135,0,1
ltl2dba13.tlsf.ehoa.gm-3-7.gpg,151,222,7,3,0,0,141,1,122,0,1,121,0,1,133,0,1
ltl2dba13.tlsf.ehoa.gm-3-8.gpg,151,222,8,3,1,0,139,1,120,0,1,143,0,1,140,0,1
ltl2dba13.tlsf.ehoa.gm-4-3.gpg,151,222,3,4,0,0,162,1,184,0,1,179,0,1,174,0,1
ltl2dba13.tlsf.ehoa.gm-4-4.gpg,151,222,4,4,1,0,176,1,167,0,1,181,0,1,180,0,1
ltl2dba13.tlsf.ehoa.gm-4-5.gpg,151,222,5,4,0,0,174,1,170,0,1,177,0,1,203,0,1
ltl2dba13.tlsf.ehoa.gm-4-6.gpg,151,222,6,4,1,0,190,1,185,0,1,196,0,1,197,0,1
ltl2dba13.tlsf.ehoa.gm-4-7.gpg,151,222,7,4,0,0,191,1,176,0,1,170,0,1,203,0,1
ltl2dba13.tlsf.ehoa.gm-4-8.gpg,151,222,8,4,1,0,194,1,183,0,1,186,0,1,180,0,1
ltl2dba13.tlsf.ehoa.gm-5-3.gpg,151,222,3,5,0,0,234,1,219,0,1,211,0,1,234,0,1
ltl2dba13.tlsf.ehoa.gm-5-4.gpg,151,222,4,5,1,0,219,1,199,0,1,246,0,1,206,0,1
ltl2dba13.tlsf.ehoa.gm-5-5.gpg,151,222,5,5,0,0,240,1,266,0,1,249,0,1,242,0,1
ltl2dba13.tlsf.ehoa.gm-5-6.gpg,151,222,6,5,1,0,230,1,231,0,1,247,0,1,238,0,1
ltl2dba13.tlsf.ehoa.gm-5-7.gpg,151,222,7,5,0,0,217,1,227,0,1,221,0,1,245,0,1
ltl2dba13.tlsf.ehoa.gm-5-8.gpg,151,222,8,5,1,0,223,1,208,0,1,241,0,1,239,0,1
ltl2dba13.tlsf.ehoa.gm-6-3.gpg,151,222,3,6,0,0,306,1,282,0,1,270,0,1,272,0,1
ltl2dba13.tlsf.ehoa.gm-6-4.gpg,151,222,4,6,1,0,265,1,253,0,1,301,0,1,281,0,1
ltl2dba13.tlsf.ehoa.gm-6-5.gpg,151,222,5,6,1,0,272,1,274,0,1,258,0,1,256,0,1
ltl2dba13.tlsf.ehoa.gm-6-6.gpg,151,222,6,6,1,0,274,1,278,0,1,272,0,1,267,0,1
ltl2dba13.tlsf.ehoa.gm-6-7.gpg,151,222,7,6,0,0,255,1,235,0,1,230,0,1,260,0,1
ltl2dba13.tlsf.ehoa.gm-6-8.gpg,151,222,8,6,1,0,272,1,244,0,1,276,0,1,273,0,1
ltl2dba13.tlsf.ehoa.gm-7-3.gpg,151,222,3,7,1,0,306,1,318,0,1,294,0,1,306,0,1
ltl2dba13.tlsf.ehoa.gm-7-4.gpg,151,222,4,7,2,0,295,1,305,0,1,370,0,1,315,0,1
ltl2dba13.tlsf.ehoa.gm-7-5.gpg,151,222,5,7,1,0,293,1,283,0,1,296,0,1,304,0,1
ltl2dba13.tlsf.ehoa.gm-7-6.gpg,151,222,6,7,1,0,300,1,288,0,1,335,0,1,307,0,1
ltl2dba13.tlsf.ehoa.gm-7-7.gpg,151,222,7,7,0,0,317,1,277,0,1,278,0,1,311,0,1
ltl2dba13.tlsf.ehoa.gm-7-8.gpg,151,222,8,7,2,0,292,1,301,0,1,344,0,1,306,0,1
ltl2dba13.tlsf.ehoa.gm-8-3.gpg,151,222,3,8,1,0,337,1,332,0,1,337,0,1,356,0,1
ltl2dba13.tlsf.ehoa.gm-8-4.gpg,151,222,4,8,2,0,356,1,358,0,1,482,0,1,372,0,1
ltl2dba13.tlsf.ehoa.gm-8-5.gpg,151,222,5,8,1,0,357,1,341,0,1,364,0,1,374,0,1
ltl2dba13.tlsf.ehoa.gm-8-6.gpg,151,222,6,8,1,0,369,1,336,0,1,387,0,1,343,0,1
ltl2dba13.tlsf.ehoa.gm-8-7.gpg,151,222,7,8,1,0,336,1,326,0,1,329,0,1,370,0,1
ltl2dba13.tlsf.ehoa.gm-8-8.gpg,151,222,8,8,2,0,336,1,342,0,1,394,0,1,357,0,1
ltl2dba14.tlsf.ehoa.gm-1-3.gpg,97,144,3,1,0,0,41,1,40,0,1,39,0,1,41,0,1
ltl2dba14.tlsf.ehoa.gm-1-4.gpg,97,144,4,1,0,0,39,1,40,0,1,41,0,1,41,0,1
ltl2dba14.tlsf.ehoa.gm-1-5.gpg,97,144,5,1,0,0,39,1,41,0,1,41,0,1,40,0,1
ltl2dba14.tlsf.ehoa.gm-1-6.gpg,97,144,6,1,0,0,39,1,40,0,1,41,0,1,40,0,1
ltl2dba14.tlsf.ehoa.gm-1-7.gpg,97,144,7,1,0,0,39,1,38,0,1,38,0,1,42,0,1
ltl2dba14.tlsf.ehoa.gm-1-8.gpg,97,144,8,1,0,0,39,1,38,0,1,43,0,1,42,0,1
ltl2dba14.tlsf.ehoa.gm-2-3.gpg,97,144,3,2,0,0,85,1,86,0,1,80,0,1,87,0,1
ltl2dba14.tlsf.ehoa.gm-2-4.gpg,97,144,4,2,0,0,86,1,90,0,1,93,0,1,84,0,1
ltl2dba14.tlsf.ehoa.gm-2-5.gpg,97,144,5,2,0,0,79,1,88,0,1,90,0,1,95,0,1
ltl2dba14.tlsf.ehoa.gm-2-6.gpg,97,144,6,2,0,0,89,1,92,0,1,94,0,1,93,0,1
ltl2dba14.tlsf.ehoa.gm-2-7.gpg,97,144,7,2,0,0,92,1,83,0,1,88,0,1,94,0,1
ltl2dba14.tlsf.ehoa.gm-2-8.gpg,97,144,8,2,0,0,95,1,94,0,1,97,0,1,95,0,1
ltl2dba14.tlsf.ehoa.gm-3-3.gpg,97,144,3,3,0,0,130,1,129,0,1,124,0,1,131,0,1
ltl2dba14.tlsf.ehoa.gm-3-4.gpg,97,144,4,3,1,0,133,1,177,0,1,141,0,1,134,0,1
ltl2dba14.tlsf.ehoa.gm-3-5.gpg,97,144,5,3,0,0,136,1,132,0,1,135,0,1,137,0,1
ltl2dba14.tlsf.ehoa.gm-3-6.gpg,97,144,6,3,0,0,133,1,131,0,1,129,0,1,122,0,1
ltl2dba14.tlsf.ehoa.gm-3-7.gpg,97,144,7,3,0,0,117,1,114,0,1,117,0,1,127,0,1
ltl2dba14.tlsf.ehoa.gm-3-8.gpg,97,144,8,3,0,0,122,1,123,0,1,140,0,1,138,0,1
ltl2dba14.tlsf.ehoa.gm-4-3.gpg,97,144,3,4,0,0,181,1,159,0,1,157,0,1,170,0,1
ltl2dba14.tlsf.ehoa.gm-4-4.gpg,97,144,4,4,0,0,159,1,156,0,1,192,0,1,193,0,1
ltl2dba14.tlsf.ehoa.gm-4-5.gpg,97,144,5,4,0,0,182,1,180,0,1,172,0,1,203,0,1
ltl2dba14.tlsf.ehoa.gm-4-6.gpg,97,144,6,4,0,0,173,1,171,0,1,195,0,1,190,0,1
ltl2dba14.tlsf.ehoa.gm-4-7.gpg,97,144,7,4,0,0,182,1,161,0,1,165,0,1,168,0,1
ltl2dba14.tlsf.ehoa.gm-4-8.gpg,97,144,8,4,0,0,172,1,188,0,1,187,0,1,184,0,1
ltl2dba14.tlsf.ehoa.gm-5-3.gpg,97,144,3,5,0,0,213,1,200,0,1,204,0,1,208,0,1
ltl2dba14.tlsf.ehoa.gm-5-4.gpg,97,144,4,5,1,0,212,1,204,0,1,213,0,1,208,0,1
ltl2dba14.tlsf.ehoa.gm-5-5.gpg,97,144,5,5,0,0,200,1,202,0,1,211,0,1,201,0,1
ltl2dba14.tlsf.ehoa.gm-5-6.gpg,97,144,6,5,0,0,209,1,200,0,1,239,0,1,237,0,1
ltl2dba14.tlsf.ehoa.gm-5-7.gpg,97,144,7,5,0,0,237,1,212,0,1,195,0,1,217,0,1
ltl2dba14.tlsf.ehoa.gm-5-8.gpg,97,144,8,5,0,0,203,1,202,0,1,212,0,1,212,0,1
ltl2dba14.tlsf.ehoa.gm-6-3.gpg,97,144,3,6,0,0,248,1,235,0,1,233,0,1,249,0,1
ltl2dba14.tlsf.ehoa.gm-6-4.gpg,97,144,4,6,1,0,254,1,240,0,1,261,0,1,246,0,1
ltl2dba14.tlsf.ehoa.gm-6-5.gpg,97,144,5,6,0,0,246,1,234,0,1,238,0,1,245,0,1
ltl2dba14.tlsf.ehoa.gm-6-6.gpg,97,144,6,6,0,0,234,1,244,0,1,265,0,1,275,0,1
ltl2dba14.tlsf.ehoa.gm-6-7.gpg,97,144,7,6,0,0,252,1,238,0,1,231,0,1,260,0,1
ltl2dba14.tlsf.ehoa.gm-6-8.gpg,97,144,8,6,0,0,241,1,237,0,1,258,0,1,256,0,1
ltl2dba14.tlsf.ehoa.gm-7-3.gpg,97,144,3,7,0,0,299,1,297,0,1,300,0,1,319,0,1
ltl2dba14.tlsf.ehoa.gm-7-4.gpg,97,144,4,7,1,0,297,1,284,0,1,356,0,1,313,0,1
ltl2dba14.tlsf.ehoa.gm-7-5.gpg,97,144,5,7,0,0,302,1,349,0,1,292,0,1,303,0,1
ltl2dba14.tlsf.ehoa.gm-7-6.gpg,97,144,6,7,1,0,288,1,277,0,1,319,0,1,302,0,1
ltl2dba14.tlsf.ehoa.gm-7-7.gpg,97,144,7,7,0,0,284,1,297,0,1,292,0,1,310,0,1
ltl2dba14.tlsf.ehoa.gm-7-8.gpg,97,144,8,7,1,0,291,1,287,0,1,308,0,1,301,0,1
ltl2dba14.tlsf.ehoa.gm-8-3.gpg,97,144,3,8,0,0,326,1,334,0,1,322,0,1,335,0,1
ltl2dba14.tlsf.ehoa.gm-8-4.gpg,97,144,4,8,1,0,337,1,322,0,1,377,0,1,339,0,1
ltl2dba14.tlsf.ehoa.gm-8-5.gpg,97,144,5,8,0,0,322,1,325,0,1,318,0,1,332,0,1
ltl2dba14.tlsf.ehoa.gm-8-6.gpg,97,144,6,8,1,0,317,1,322,0,1,346,0,1,326,0,1
ltl2dba14.tlsf.ehoa.gm-8-7.gpg,97,144,7,8,0,0,330,1,325,0,1,306,0,1,333,0,1
ltl2dba14.tlsf.ehoa.gm-8-8.gpg,97,144,8,8,1,0,320,1,313,0,1,349,0,1,334,0,1
ltl2dba15.tlsf.ehoa.gm-1-3.gpg,39,60,3,1,0,0,38,1,39,0,1,39,0,1,40,0,1
ltl2dba15.tlsf.ehoa.gm-1-4.gpg,39,60,4,1,0,0,47,1,45,1,1,46,1,1,54,0,1
ltl2dba15.tlsf.ehoa.gm-1-5.gpg,39,60,5,1,0,0,39,1,38,0,1,39,0,1,39,0,1
ltl2dba15.tlsf.ehoa.gm-1-6.gpg,39,60,6,1,0,0,39,1,39,0,1,43,0,1,38,0,1
ltl2dba15.tlsf.ehoa.gm-1-7.gpg,39,60,7,1,0,0,40,1,43,0,1,39,0,1,48,0,1
ltl2dba15.tlsf.ehoa.gm-1-8.gpg,39,60,8,1,0,0,38,1,37,0,1,39,0,1,39,0,1
ltl2dba15.tlsf.ehoa.gm-2-3.gpg,39,60,3,2,0,0,75,1,76,0,1,77,0,1,77,0,1
ltl2dba15.tlsf.ehoa.gm-2-4.gpg,39,60,4,2,0,0,80,1,80,1,1,83,1,1,121,0,1
ltl2dba15.tlsf.ehoa.gm-2-5.gpg,39,60,5,2,0,0,80,1,76,0,1,77,0,1,78,0,1
ltl2dba15.tlsf.ehoa.gm-2-6.gpg,39,60,6,2,0,0,77,1,81,0,1,89,0,1,78,0,1
ltl2dba15.tlsf.ehoa.gm-2-7.gpg,39,60,7,2,0,0,77,1,78,0,1,83,0,1,94,0,1
ltl2dba15.tlsf.ehoa.gm-2-8.gpg,39,60,8,2,0,0,84,1,83,0,1,78,0,1,80,0,1
ltl2dba15.tlsf.ehoa.gm-3-3.gpg,39,60,3,3,0,0,115,1,134,0,1,114,0,1,114,0,1
ltl2dba15.tlsf.ehoa.gm-3-4.gpg,39,60,4,3,1,0,116,1,119,1,1,128,1,1,194,0,1
ltl2dba15.tlsf.ehoa.gm-3-5.gpg,39,60,5,3,0,0,117,1,113,0,1,115,0,1,118,0,1
ltl2dba15.tlsf.ehoa.gm-3-6.gpg,39,60,6,3,0,0,113,1,114,0,1,127,0,1,114,0,1
ltl2dba15.tlsf.ehoa.gm-3-7.gpg,39,60,7,3,0,0,118,1,118,0,1,126,0,1,127,0,1
ltl2dba15.tlsf.ehoa.gm-3-8.gpg,39,60,8,3,0,0,115,1,111,0,1,123,0,1,114,0,1
ltl2dba15.tlsf.ehoa.gm-4-3.gpg,39,60,3,4,0,0,152,1,151,0,1,157,0,1,158,0,1
ltl2dba15.tlsf.ehoa.gm-4-4.gpg,39,60,4,4,1,0,152,1,163,0,1,166,0,1,231,0,1
ltl2dba15.tlsf.ehoa.gm-4-5.gpg,39,60,5,4,0,0,153,1,155,0,1,158,0,1,164,0,1
ltl2dba15.tlsf.ehoa.gm-4-6.gpg,39,60,6,4,0,0,158,1,157,0,1,169,0,1,157,0,1
ltl2dba15.tlsf.ehoa.gm-4-7.gpg,39,60,7,4,0,0,156,1,160,0,1,157,0,1,187,0,1
ltl2dba15.tlsf.ehoa.gm-4-8.gpg,39,60,8,4,0,0,160,1,169,0,1,176,0,1,182,0,1
ltl2dba15.tlsf.ehoa.gm-5-3.gpg,39,60,3,5,0,0,212,1,211,0,1,200,0,1,206,0,1
ltl2dba15.tlsf.ehoa.gm-5-4.gpg,39,60,4,5,1,0,202,1,208,0,1,222,0,1,275,0,1
ltl2dba15.tlsf.ehoa.gm-5-5.gpg,39,60,5,5,0,0,202,1,200,0,1,232,0,1,214,0,1
ltl2dba15.tlsf.ehoa.gm-5-6.gpg,39,60,6,5,0,0,208,1,220,0,1,229,0,1,207,0,1
ltl2dba15.tlsf.ehoa.gm-5-7.gpg,39,60,7,5,0,0,212,1,210,0,1,224,0,1,234,0,1
ltl2dba15.tlsf.ehoa.gm-5-8.gpg,39,60,8,5,0,0,195,1,197,0,1,204,0,1,200,0,1
ltl2dba15.tlsf.ehoa.gm-6-3.gpg,39,60,3,6,0,0,246,1,236,0,1,238,0,1,236,0,1
ltl2dba15.tlsf.ehoa.gm-6-4.gpg,39,60,4,6,1,0,248,1,241,0,1,253,0,1,320,0,1
ltl2dba15.tlsf.ehoa.gm-6-5.gpg,39,60,5,6,0,0,232,1,225,0,1,250,0,1,259,0,1
ltl2dba15.tlsf.ehoa.gm-6-6.gpg,39,60,6,6,0,0,233,1,232,0,1,256,0,1,238,0,1
ltl2dba15.tlsf.ehoa.gm-6-7.gpg,39,60,7,6,0,0,241,1,228,0,1,236,0,1,254,0,1
ltl2dba15.tlsf.ehoa.gm-6-8.gpg,39,60,8,6,0,0,235,1,232,0,1,246,0,1,238,0,1
ltl2dba15.tlsf.ehoa.gm-7-3.gpg,39,60,3,7,0,0,272,1,271,0,1,272,0,1,276,0,1
ltl2dba15.tlsf.ehoa.gm-7-4.gpg,39,60,4,7,1,0,272,1,279,0,1,296,0,1,370,0,1
ltl2dba15.tlsf.ehoa.gm-7-5.gpg,39,60,5,7,0,0,272,1,283,0,1,288,0,1,288,0,1
ltl2dba15.tlsf.ehoa.gm-7-6.gpg,39,60,6,7,0,0,281,1,299,0,1,337,0,1,330,0,1
ltl2dba15.tlsf.ehoa.gm-7-7.gpg,39,60,7,7,0,0,297,1,309,0,1,295,0,1,312,0,1
ltl2dba15.tlsf.ehoa.gm-7-8.gpg,39,60,8,7,0,0,280,1,278,0,1,297,0,1,275,0,1
ltl2dba15.tlsf.ehoa.gm-8-3.gpg,39,60,3,8,0,0,329,1,317,0,1,319,0,1,323,0,1
ltl2dba15.tlsf.ehoa.gm-8-4.gpg,39,60,4,8,1,0,329,1,332,0,1,355,0,1,402,0,1
ltl2dba15.tlsf.ehoa.gm-8-5.gpg,39,60,5,8,0,0,331,1,304,0,1,306,0,1,315,0,1
ltl2dba15.tlsf.ehoa.gm-8-6.gpg,39,60,6,8,0,0,307,1,311,0,1,329,0,1,322,0,1
ltl2dba15.tlsf.ehoa.gm-8-7.gpg,39,60,7,8,0,0,322,1,310,0,1,304,0,1,353,0,1
ltl2dba15.tlsf.ehoa.gm-8-8.gpg,39,60,8,8,0,0,334,1,357,0,1,347,0,1,380,0,1
ltl2dba16.tlsf.ehoa.gm-1-3.gpg,75,114,3,1,0,0,42,1,40,0,1,38,0,1,40,0,1
ltl2dba16.tlsf.ehoa.gm-1-4.gpg,75,114,4,1,0,0,39,1,38,0,1,47,0,1,94,0,1
ltl2dba16.tlsf.ehoa.gm-1-5.gpg,75,114,5,1,0,0,45,1,44,0,1,43,0,1,52,0,1
ltl2dba16.tlsf.ehoa.gm-1-6.gpg,75,114,6,1,1,0,41,1,39,0,1,46,0,1,43,0,1
ltl2dba16.tlsf.ehoa.gm-1-7.gpg,75,114,7,1,0,0,40,1,43,0,1,50,0,1,45,0,1
ltl2dba16.tlsf.ehoa.gm-1-8.gpg,75,114,8,1,0,0,42,1,41,0,1,42,0,1,42,0,1
ltl2dba16.tlsf.ehoa.gm-2-3.gpg,75,114,3,2,0,0,77,1,76,0,1,84,0,1,84,0,1
ltl2dba16.tlsf.ehoa.gm-2-4.gpg,75,114,4,2,1,0,86,1,81,0,1,82,0,1,135,0,1
ltl2dba16.tlsf.ehoa.gm-2-5.gpg,75,114,5,2,0,0,84,1,79,0,1,81,0,1,79,0,1
ltl2dba16.tlsf.ehoa.gm-2-6.gpg,75,114,6,2,1,0,91,1,83,0,1,88,0,1,90,0,1
ltl2dba16.tlsf.ehoa.gm-2-7.gpg,75,114,7,2,1,0,94,1,90,0,1,91,0,1,87,0,1
ltl2dba16.tlsf.ehoa.gm-2-8.gpg,75,114,8,2,0,0,78,1,82,0,1,89,0,1,80,0,1
ltl2dba16.tlsf.ehoa.gm-3-3.gpg,75,114,3,3,0,0,124,1,115,0,1,115,0,1,121,0,1
ltl2dba16.tlsf.ehoa.gm-3-4.gpg,75,114,4,3,1,0,123,1,125,0,1,127,0,1,184,0,1
ltl2dba16.tlsf.ehoa.gm-3-5.gpg,75,114,5,3,0,0,132,1,128,0,1,124,0,1,122,0,1
ltl2dba16.tlsf.ehoa.gm-3-6.gpg,75,114,6,3,1,0,143,1,124,0,1,136,0,1,133,0,1
ltl2dba16.tlsf.ehoa.gm-3-7.gpg,75,114,7,3,0,0,137,1,135,0,1,134,0,1,133,0,1
ltl2dba16.tlsf.ehoa.gm-3-8.gpg,75,114,8,3,0,0,120,1,116,0,1,122,0,1,124,0,1
ltl2dba16.tlsf.ehoa.gm-4-3.gpg,75,114,3,4,0,0,162,1,161,0,1,160,0,1,170,0,1
ltl2dba16.tlsf.ehoa.gm-4-4.gpg,75,114,4,4,1,0,165,1,185,0,1,191,0,1,230,0,1
ltl2dba16.tlsf.ehoa.gm-4-5.gpg,75,114,5,4,0,0,170,1,176,0,1,165,0,1,181,0,1
ltl2dba16.tlsf.ehoa.gm-4-6.gpg,75,114,6,4,1,0,171,1,159,0,1,168,0,1,170,0,1
ltl2dba16.tlsf.ehoa.gm-4-7.gpg,75,114,7,4,0,0,161,1,161,0,1,175,0,1,177,0,1
ltl2dba16.tlsf.ehoa.gm-4-8.gpg,75,114,8,4,0,0,170,1,156,0,1,164,0,1,175,0,1
ltl2dba16.tlsf.ehoa.gm-5-3.gpg,75,114,3,5,0,0,202,1,194,0,1,192,0,1,203,0,1
ltl2dba16.tlsf.ehoa.gm-5-4.gpg,75,114,4,5,1,0,200,1,202,0,1,219,0,1,270,0,1
ltl2dba16.tlsf.ehoa.gm-5-5.gpg,75,114,5,5,0,0,222,1,203,0,1,211,0,1,227,0,1
ltl2dba16.tlsf.ehoa.gm-5-6.gpg,75,114,6,5,1,0,225,1,202,0,1,219,0,1,221,0,1
ltl2dba16.tlsf.ehoa.gm-5-7.gpg,75,114,7,5,1,0,204,1,203,0,1,233,0,1,238,0,1
ltl2dba16.tlsf.ehoa.gm-5-8.gpg,75,114,8,5,0,0,234,1,209,0,1,238,0,1,226,0,1
ltl2dba16.tlsf.ehoa.gm-6-3.gpg,75,114,3,6,0,0,277,1,265,0,1,272,0,1,246,0,1
ltl2dba16.tlsf.ehoa.gm-6-4.gpg,75,114,4,6,1,0,238,1,237,0,1,266,0,1,324,0,1
ltl2dba16.tlsf.ehoa.gm-6-5.gpg,75,114,5,6,0,0,265,1,280,0,1,259,0,1,253,0,1
ltl2dba16.tlsf.ehoa.gm-6-6.gpg,75,114,6,6,1,0,272,1,232,0,1,261,0,1,248,0,1
ltl2dba16.tlsf.ehoa.gm-6-7.gpg,75,114,7,6,1,0,246,1,239,0,1,244,0,1,271,0,1
ltl2dba16.tlsf.ehoa.gm-6-8.gpg,75,114,8,6,0,0,236,1,238,0,1,276,0,1,249,0,1
ltl2dba16.tlsf.ehoa.gm-7-3.gpg,75,114,3,7,0,0,293,1,285,0,1,292,0,1,296,0,1
ltl2dba16.tlsf.ehoa.gm-7-4.gpg,75,114,4,7,1,0,291,1,281,0,1,317,0,1,384,0,1
ltl2dba16.tlsf.ehoa.gm-7-5.gpg,75,114,5,7,0,0,293,1,281,0,1,284,0,1,292,0,1
ltl2dba16.tlsf.ehoa.gm-7-6.gpg,75,114,6,7,1,0,304,1,308,0,1,324,0,1,291,0,1
ltl2dba16.tlsf.ehoa.gm-7-7.gpg,75,114,7,7,1,0,280,1,277,0,1,280,0,1,296,0,1
ltl2dba16.tlsf.ehoa.gm-7-8.gpg,75,114,8,7,0,0,279,1,284,0,1,301,0,1,289,0,1
ltl2dba16.tlsf.ehoa.gm-8-3.gpg,75,114,3,8,0,0,348,1,350,0,1,340,0,1,348,0,1
ltl2dba16.tlsf.ehoa.gm-8-4.gpg,75,114,4,8,1,0,364,1,356,0,1,395,0,1,384,0,1
ltl2dba16.tlsf.ehoa.gm-8-5.gpg,75,114,5,8,0,0,358,1,352,0,1,335,0,1,333,0,1
ltl2dba16.tlsf.ehoa.gm-8-6.gpg,75,114,6,8,1,0,326,1,332,0,1,385,0,1,346,0,1
ltl2dba16.tlsf.ehoa.gm-8-7.gpg,75,114,7,8,1,0,347,1,340,0,1,318,0,1,344,0,1
ltl2dba16.tlsf.ehoa.gm-8-8.gpg,75,114,8,8,0,0,332,1,322,0,1,367,0,1,344,0,1
ltl2dba17.tlsf.ehoa.gm-1-3.gpg,663,1020,3,1,8,0,53,1,46,0,1,47,0,1,53,0,1
ltl2dba17.tlsf.ehoa.gm-1-4.gpg,663,1020,4,1,85,0,54,0,49,0,0,79,0,0,5228,0,1
ltl2dba17.tlsf.ehoa.gm-1-5.gpg,663,1020,5,1,19,0,54,1,46,0,1,48,0,1,67,0,1
ltl2dba17.tlsf.ehoa.gm-1-6.gpg,663,1020,6,1,99,0,54,0,48,0,0,79,0,0,5769,0,1
ltl2dba17.tlsf.ehoa.gm-1-7.gpg,663,1020,7,1,16,0,55,1,54,0,1,50,0,1,63,0,1
ltl2dba17.tlsf.ehoa.gm-1-8.gpg,663,1020,8,1,80,0,49,0,76,1,0,311,1,1,10000,0,1
ltl2dba17.tlsf.ehoa.gm-2-3.gpg,663,1020,3,2,9,0,109,1,90,0,1,87,0,1,120,0,1
ltl2dba17.tlsf.ehoa.gm-2-4.gpg,663,1020,4,2,183,0,108,0,97,0,0,191,0,1,14997,0,1
ltl2dba17.tlsf.ehoa.gm-2-5.gpg,663,1020,5,2,19,0,115,1,131,0,1,116,0,1,174,0,1
ltl2dba17.tlsf.ehoa.gm-2-6.gpg,663,1020,6,2,153,0,131,0,129,0,0,210,0,1,6144,0,1
ltl2dba17.tlsf.ehoa.gm-2-7.gpg,663,1020,7,2,16,0,120,1,111,0,1,104,0,1,144,0,1
ltl2dba17.tlsf.ehoa.gm-2-8.gpg,663,1020,8,2,140,0,135,0,136,0,0,411,0,1,10000,0,1
ltl2dba17.tlsf.ehoa.gm-3-3.gpg,663,1020,3,3,9,0,162,1,138,0,1,149,0,1,169,0,1
ltl2dba17.tlsf.ehoa.gm-3-4.gpg,663,1020,4,3,210,0,170,0,157,0,0,360,0,1,10000,0,1
ltl2dba17.tlsf.ehoa.gm-3-5.gpg,663,1020,5,3,20,0,164,1,162,0,1,163,0,1,204,0,1
ltl2dba17.tlsf.ehoa.gm-3-6.gpg,663,1020,6,3,146,0,179,1,176,0,1,307,0,1,5851,0,1
ltl2dba17.tlsf.ehoa.gm-3-7.gpg,663,1020,7,3,16,0,155,1,144,0,1,145,0,1,190,0,1
ltl2dba17.tlsf.ehoa.gm-3-8.gpg,663,1020,8,3,124,0,171,1,178,0,1,511,0,1,10000,0,1
ltl2dba17.tlsf.ehoa.gm-4-3.gpg,663,1020,3,4,9,0,205,1,176,0,1,184,0,1,219,0,1
ltl2dba17.tlsf.ehoa.gm-4-4.gpg,663,1020,4,4,373,0,205,0,450,0,1,665,0,1,10000,0,1
ltl2dba17.tlsf.ehoa.gm-4-5.gpg,663,1020,5,4,20,0,214,1,195,0,1,191,0,1,256,0,1
ltl2dba17.tlsf.ehoa.gm-4-6.gpg,663,1020,6,4,145,0,201,1,199,0,1,434,0,1,5950,0,1
ltl2dba17.tlsf.ehoa.gm-4-7.gpg,663,1020,7,4,16,0,203,1,183,0,1,187,0,1,249,0,1
ltl2dba17.tlsf.ehoa.gm-4-8.gpg,663,1020,8,4,124,0,210,1,220,0,1,603,0,1,10000,0,1
ltl2dba17.tlsf.ehoa.gm-5-3.gpg,663,1020,3,5,9,0,254,1,241,0,1,249,0,1,276,0,1
ltl2dba17.tlsf.ehoa.gm-5-4.gpg,663,1020,4,5,371,0,281,0,1041,0,1,1166,0,1,10000,0,1
ltl2dba17.tlsf.ehoa.gm-5-5.gpg,663,1020,5,5,20,0,280,1,239,0,1,239,0,1,337,0,1
ltl2dba17.tlsf.ehoa.gm-5-6.gpg,663,1020,6,5,144,0,258,1,257,0,1,583,0,1,6141,0,1
ltl2dba17.tlsf.ehoa.gm-5-7.gpg,663,1020,7,5,17,0,277,1,253,0,1,253,0,1,324,0,1
ltl2dba17.tlsf.ehoa.gm-5-8.gpg,663,1020,8,5,123,0,291,1,299,0,1,749,0,1,10000,0,1
ltl2dba17.tlsf.ehoa.gm-6-3.gpg,663,1020,3,6,10,0,322,1,264,0,1,263,0,1,332,0,1
ltl2dba17.tlsf.ehoa.gm-6-4.gpg,663,1020,4,6,370,0,312,0,2283,0,1,2010,0,1,10000,0,1
ltl2dba17.tlsf.ehoa.gm-6-5.gpg,663,1020,5,6,20,0,323,1,283,0,1,276,0,1,395,0,1
ltl2dba17.tlsf.ehoa.gm-6-6.gpg,663,1020,6,6,146,0,311,1,306,0,1,789,0,1,6109,0,1
ltl2dba17.tlsf.ehoa.gm-6-7.gpg,663,1020,7,6,17,0,331,1,279,0,1,263,0,1,375,0,1
ltl2dba17.tlsf.ehoa.gm-6-8.gpg,663,1020,8,6,127,0,338,1,345,0,1,850,0,1,10000,0,1
ltl2dba17.tlsf.ehoa.gm-7-3.gpg,663,1020,3,7,10,0,383,1,312,0,1,311,0,1,388,0,1
ltl2dba17.tlsf.ehoa.gm-7-4.gpg,663,1020,4,7,372,0,372,1,4082,0,1,3426,0,1,10000,0,1
ltl2dba17.tlsf.ehoa.gm-7-5.gpg,663,1020,5,7,21,0,391,1,349,0,1,345,0,1,456,0,1
ltl2dba17.tlsf.ehoa.gm-7-6.gpg,663,1020,6,7,145,0,377,1,379,0,1,1049,0,1,6473,0,1
ltl2dba17.tlsf.ehoa.gm-7-7.gpg,663,1020,7,7,18,0,378,1,341,0,1,325,0,1,464,0,1
ltl2dba17.tlsf.ehoa.gm-7-8.gpg,663,1020,8,7,125,0,397,1,423,0,1,1063,0,1,10000,0,1
ltl2dba17.tlsf.ehoa.gm-8-3.gpg,663,1020,3,8,11,0,442,1,366,0,1,367,0,1,485,0,1
ltl2dba17.tlsf.ehoa.gm-8-4.gpg,663,1020,4,8,377,0,424,1,7285,0,1,5790,0,1,10000,0,1
ltl2dba17.tlsf.ehoa.gm-8-5.gpg,663,1020,5,8,22,0,439,1,405,0,1,390,0,1,535,0,1
ltl2dba17.tlsf.ehoa.gm-8-6.gpg,663,1020,6,8,146,0,433,1,438,0,1,1329,0,1,6453,0,1
ltl2dba17.tlsf.ehoa.gm-8-7.gpg,663,1020,7,8,19,0,474,1,361,0,1,364,0,1,501,0,1
ltl2dba17.tlsf.ehoa.gm-8-8.gpg,663,1020,8,8,125,0,435,1,456,0,1,1297,0,1,10000,0,1
ltl2dba18.tlsf.ehoa.gm-1-3.gpg,265,420,3,1,1,0,47,1,42,0,1,41,0,1,44,0,1
ltl2dba18.tlsf.ehoa.gm-1-4.gpg,265,420,4,1,5,0,42,1,41,0,1,53,0,1,50,0,1
ltl2dba18.tlsf.ehoa.gm-1-5.gpg,265,420,5,1,1,0,46,1,42,0,1,43,0,1,45,0,1
ltl2dba18.tlsf.ehoa.gm-1-6.gpg,265,420,6,1,4,0,43,1,41,0,1,49,0,1,49,0,1
ltl2dba18.tlsf.ehoa.gm-1-7.gpg,265,420,7,1,1,0,44,1,43,0,1,44,0,1,51,0,1
ltl2dba18.tlsf.ehoa.gm-1-8.gpg,265,420,8,1,4,0,51,1,44,0,1,49,0,1,48,0,1
ltl2dba18.tlsf.ehoa.gm-2-3.gpg,265,420,3,2,1,0,85,1,88,0,1,80,0,1,90,0,1
ltl2dba18.tlsf.ehoa.gm-2-4.gpg,265,420,4,2,5,0,86,1,132,0,1,108,0,1,98,0,1
ltl2dba18.tlsf.ehoa.gm-2-5.gpg,265,420,5,2,1,0,83,1,78,0,1,78,0,1,88,0,1
ltl2dba18.tlsf.ehoa.gm-2-6.gpg,265,420,6,2,4,0,83,1,82,0,1,98,0,1,100,0,1
ltl2dba18.tlsf.ehoa.gm-2-7.gpg,265,420,7,2,1,0,94,1,89,0,1,86,0,1,96,0,1
ltl2dba18.tlsf.ehoa.gm-2-8.gpg,265,420,8,2,4,0,93,1,91,0,1,107,0,1,99,0,1
ltl2dba18.tlsf.ehoa.gm-3-3.gpg,265,420,3,3,1,0,132,1,132,0,1,132,0,1,140,0,1
ltl2dba18.tlsf.ehoa.gm-3-4.gpg,265,420,4,3,5,0,135,1,129,0,1,166,0,1,142,0,1
ltl2dba18.tlsf.ehoa.gm-3-5.gpg,265,420,5,3,1,0,136,1,130,0,1,127,0,1,153,0,1
ltl2dba18.tlsf.ehoa.gm-3-6.gpg,265,420,6,3,4,0,131,1,126,0,1,168,0,1,154,0,1
ltl2dba18.tlsf.ehoa.gm-3-7.gpg,265,420,7,3,1,0,130,1,130,0,1,134,0,1,141,0,1
ltl2dba18.tlsf.ehoa.gm-3-8.gpg,265,420,8,3,4,0,139,1,134,0,1,151,0,1,148,0,1
ltl2dba18.tlsf.ehoa.gm-4-3.gpg,265,420,3,4,2,0,188,1,169,0,1,169,0,1,185,0,1
ltl2dba18.tlsf.ehoa.gm-4-4.gpg,265,420,4,4,5,0,187,1,188,0,1,229,0,1,192,0,1
ltl2dba18.tlsf.ehoa.gm-4-5.gpg,265,420,5,4,2,0,170,1,169,0,1,175,0,1,180,0,1
ltl2dba18.tlsf.ehoa.gm-4-6.gpg,265,420,6,4,4,0,169,1,166,0,1,216,0,1,187,0,1
ltl2dba18.tlsf.ehoa.gm-4-7.gpg,265,420,7,4,1,0,174,1,157,0,1,162,0,1,191,0,1
ltl2dba18.tlsf.ehoa.gm-4-8.gpg,265,420,8,4,4,0,181,1,176,0,1,201,0,1,193,0,1
ltl2dba18.tlsf.ehoa.gm-5-3.gpg,265,420,3,5,2,0,229,1,217,0,1,207,0,1,226,0,1
ltl2dba18.tlsf.ehoa.gm-5-4.gpg,265,420,4,5,5,0,213,1,209,0,1,285,0,1,243,0,1
ltl2dba18.tlsf.ehoa.gm-5-5.gpg,265,420,5,5,2,0,227,1,211,0,1,230,0,1,260,0,1
ltl2dba18.tlsf.ehoa.gm-5-6.gpg,265,420,6,5,4,0,239,1,225,0,1,306,0,1,254,0,1
ltl2dba18.tlsf.ehoa.gm-5-7.gpg,265,420,7,5,2,0,221,1,206,0,1,219,0,1,252,0,1
ltl2dba18.tlsf.ehoa.gm-5-8.gpg,265,420,8,5,4,0,237,1,212,0,1,275,0,1,249,0,1
ltl2dba18.tlsf.ehoa.gm-6-3.gpg,265,420,3,6,2,0,273,1,242,0,1,248,0,1,266,0,1
ltl2dba18.tlsf.ehoa.gm-6-4.gpg,265,420,4,6,6,0,280,1,268,0,1,397,0,1,296,0,1
ltl2dba18.tlsf.ehoa.gm-6-5.gpg,265,420,5,6,2,0,261,1,254,0,1,245,0,1,294,0,1
ltl2dba18.tlsf.ehoa.gm-6-6.gpg,265,420,6,6,5,0,259,1,264,0,1,356,0,1,293,0,1
ltl2dba18.tlsf.ehoa.gm-6-7.gpg,265,420,7,6,2,0,268,1,250,0,1,266,0,1,307,0,1
ltl2dba18.tlsf.ehoa.gm-6-8.gpg,265,420,8,6,5,0,274,1,259,0,1,337,0,1,310,0,1
ltl2dba18.tlsf.ehoa.gm-7-3.gpg,265,420,3,7,2,0,330,1,299,0,1,317,0,1,332,0,1
ltl2dba18.tlsf.ehoa.gm-7-4.gpg,265,420,4,7,6,0,329,1,346,0,1,452,0,1,346,0,1
ltl2dba18.tlsf.ehoa.gm-7-5.gpg,265,420,5,7,2,0,316,1,315,0,1,294,0,1,331,0,1
ltl2dba18.tlsf.ehoa.gm-7-6.gpg,265,420,6,7,5,0,314,1,304,0,1,482,0,1,342,0,1
ltl2dba18.tlsf.ehoa.gm-7-7.gpg,265,420,7,7,2,0,308,1,288,0,1,294,0,1,368,0,1
ltl2dba18.tlsf.ehoa.gm-7-8.gpg,265,420,8,7,5,0,307,1,322,0,1,387,0,1,362,0,1
ltl2dba18.tlsf.ehoa.gm-8-3.gpg,265,420,3,8,2,0,368,1,335,0,1,346,0,1,395,0,1
ltl2dba18.tlsf.ehoa.gm-8-4.gpg,265,420,4,8,6,0,359,1,361,0,1,533,0,1,375,0,1
ltl2dba18.tlsf.ehoa.gm-8-5.gpg,265,420,5,8,2,0,358,1,320,0,1,326,0,1,401,0,1
ltl2dba18.tlsf.ehoa.gm-8-6.gpg,265,420,6,8,5,0,369,1,364,0,1,514,0,1,391,0,1
ltl2dba18.tlsf.ehoa.gm-8-7.gpg,265,420,7,8,2,0,359,1,341,0,1,363,0,1,391,0,1
ltl2dba18.tlsf.ehoa.gm-8-8.gpg,265,420,8,8,5,0,342,1,347,0,1,435,0,1,420,0,1
ltl2dba19.tlsf.ehoa.gm-1-3.gpg,106,152,3,1,0,0,42,1,42,0,1,40,0,1,42,0,1
ltl2dba19.tlsf.ehoa.gm-1-4.gpg,106,152,4,1,2,0,41,1,43,0,1,83,0,1,56,0,1
ltl2dba19.tlsf.ehoa.gm-1-5.gpg,106,152,5,1,0,0,43,1,44,0,1,44,0,1,47,0,1
ltl2dba19.tlsf.ehoa.gm-1-6.gpg,106,152,6,1,1,0,45,1,44,0,1,49,0,1,48,0,1
ltl2dba19.tlsf.ehoa.gm-1-7.gpg,106,152,7,1,0,0,43,1,43,0,1,44,0,1,46,0,1
ltl2dba19.tlsf.ehoa.gm-1-8.gpg,106,152,8,1,1,0,55,1,43,0,1,43,0,1,43,0,1
ltl2dba19.tlsf.ehoa.gm-2-3.gpg,106,152,3,2,0,0,82,1,80,0,1,81,0,1,88,0,1
ltl2dba19.tlsf.ehoa.gm-2-4.gpg,106,152,4,2,2,0,86,1,88,0,1,96,0,1,95,0,1
ltl2dba19.tlsf.ehoa.gm-2-5.gpg,106,152,5,2,0,0,88,1,88,0,1,82,0,1,87,0,1
ltl2dba19.tlsf.ehoa.gm-2-6.gpg,106,152,6,2,1,0,88,1,84,0,1,94,0,1,84,0,1
ltl2dba19.tlsf.ehoa.gm-2-7.gpg,106,152,7,2,0,0,87,1,79,0,1,81,0,1,84,0,1
ltl2dba19.tlsf.ehoa.gm-2-8.gpg,106,152,8,2,1,0,88,1,84,0,1,83,0,1,90,0,1
ltl2dba19.tlsf.ehoa.gm-3-3.gpg,106,152,3,3,0,0,141,1,126,0,1,123,0,1,136,0,1
ltl2dba19.tlsf.ehoa.gm-3-4.gpg,106,152,4,3,2,0,130,1,129,0,1,148,0,1,154,0,1
ltl2dba19.tlsf.ehoa.gm-3-5.gpg,106,152,5,3,0,0,140,1,130,0,1,123,0,1,136,0,1
ltl2dba19.tlsf.ehoa.gm-3-6.gpg,106,152,6,3,1,0,128,1,127,0,1,152,0,1,137,0,1
ltl2dba19.tlsf.ehoa.gm-3-7.gpg,106,152,7,3,0,0,130,1,129,0,1,128,0,1,140,0,1
ltl2dba19.tlsf.ehoa.gm-3-8.gpg,106,152,8,3,1,0,133,1,133,0,1,135,0,1,135,0,1
ltl2dba19.tlsf.ehoa.gm-4-3.gpg,106,152,3,4,0,0,181,1,174,0,1,163,0,1,171,0,1
ltl2dba19.tlsf.ehoa.gm-4-4.gpg,106,152,4,4,2,0,174,1,179,0,1,200,0,1,208,0,1
ltl2dba19.tlsf.ehoa.gm-4-5.gpg,106,152,5,4,0,0,165,1,152,0,1,163,0,1,182,0,1
ltl2dba19.tlsf.ehoa.gm-4-6.gpg,106,152,6,4,1,0,171,1,165,0,1,176,0,1,181,0,1
ltl2dba19.tlsf.ehoa.gm-4-7.gpg,106,152,7,4,0,0,186,1,175,0,1,166,0,1,175,0,1
ltl2dba19.tlsf.ehoa.gm-4-8.gpg,106,152,8,4,1,0,161,1,174,0,1,182,0,1,171,0,1
ltl2dba19.tlsf.ehoa.gm-5-3.gpg,106,152,3,5,0,0,208,1,202,0,1,212,0,1,220,0,1
ltl2dba19.tlsf.ehoa.gm-5-4.gpg,106,152,4,5,2,0,202,1,211,0,1,256,0,1,222,0,1
ltl2dba19.tlsf.ehoa.gm-5-5.gpg,106,152,5,5,0,0,201,1,204,0,1,200,0,1,207,0,1
ltl2dba19.tlsf.ehoa.gm-5-6.gpg,106,152,6,5,1,0,205,1,219,0,1,242,0,1,217,0,1
ltl2dba19.tlsf.ehoa.gm-5-7.gpg,106,152,7,5,0,0,204,1,218,0,1,219,0,1,208,0,1
ltl2dba19.tlsf.ehoa.gm-5-8.gpg,106,152,8,5,1,0,206,1,197,0,1,226,0,1,218,0,1
ltl2dba19.tlsf.ehoa.gm-6-3.gpg,106,152,3,6,0,0,244,1,246,0,1,264,0,1,259,0,1
ltl2dba19.tlsf.ehoa.gm-6-4.gpg,106,152,4,6,2,0,235,1,237,0,1,313,0,1,271,0,1
ltl2dba19.tlsf.ehoa.gm-6-5.gpg,106,152,5,6,0,0,253,1,240,0,1,238,0,1,294,0,1
ltl2dba19.tlsf.ehoa.gm-6-6.gpg,106,152,6,6,1,0,260,1,248,0,1,294,0,1,251,0,1
ltl2dba19.tlsf.ehoa.gm-6-7.gpg,106,152,7,6,0,0,256,1,245,0,1,256,0,1,252,0,1
ltl2dba19.tlsf.ehoa.gm-6-8.gpg,106,152,8,6,1,0,242,1,249,0,1,289,0,1,272,0,1
ltl2dba19.tlsf.ehoa.gm-7-3.gpg,106,152,3,7,0,0,304,1,300,0,1,284,0,1,299,0,1
ltl2dba19.tlsf.ehoa.gm-7-4.gpg,106,152,4,7,2,0,323,1,309,0,1,413,0,1,344,0,1
ltl2dba19.tlsf.ehoa.gm-7-5.gpg,106,152,5,7,0,0,278,1,278,0,1,274,0,1,295,0,1
ltl2dba19.tlsf.ehoa.gm-7-6.gpg,106,152,6,7,1,0,280,1,330,0,1,350,0,1,311,0,1
ltl2dba19.tlsf.ehoa.gm-7-7.gpg,106,152,7,7,0,0,294,1,275,0,1,284,0,1,309,0,1
ltl2dba19.tlsf.ehoa.gm-7-8.gpg,106,152,8,7,1,0,287,1,282,0,1,322,0,1,311,0,1
ltl2dba19.tlsf.ehoa.gm-8-3.gpg,106,152,3,8,0,0,329,1,324,0,1,311,0,1,366,0,1
ltl2dba19.tlsf.ehoa.gm-8-4.gpg,106,152,4,8,2,0,323,1,359,0,1,501,0,1,382,0,1
ltl2dba19.tlsf.ehoa.gm-8-5.gpg,106,152,5,8,0,0,332,1,333,0,1,332,0,1,351,0,1
ltl2dba19.tlsf.ehoa.gm-8-6.gpg,106,152,6,8,1,0,333,1,342,0,1,431,0,1,372,0,1
ltl2dba19.tlsf.ehoa.gm-8-7.gpg,106,152,7,8,0,0,328,1,319,0,1,365,0,1,332,0,1
ltl2dba19.tlsf.ehoa.gm-8-8.gpg,106,152,8,8,1,0,325,1,334,0,1,395,0,1,334,0,1
ltl2dba20.tlsf.ehoa.gm-1-3.gpg,1078,1760,3,1,16,0,56,1,52,0,1,51,0,1,62,0,1
ltl2dba20.tlsf.ehoa.gm-1-4.gpg,1078,1760,4,1,61,0,57,0,54,0,0,135,0,1,64,0,1
ltl2dba20.tlsf.ehoa.gm-1-5.gpg,1078,1760,5,1,15,0,56,1,48,0,1,53,0,1,71,0,1
ltl2dba20.tlsf.ehoa.gm-1-6.gpg,1078,1760,6,1,63,0,63,1,55,0,0,131,0,1,74,0,1
ltl2dba20.tlsf.ehoa.gm-1-7.gpg,1078,1760,7,1,18,0,63,1,47,0,1,46,0,1,85,0,1
ltl2dba20.tlsf.ehoa.gm-1-8.gpg,1078,1760,8,1,47,0,63,1,55,0,1,115,0,1,84,0,1
ltl2dba20.tlsf.ehoa.gm-2-3.gpg,1078,1760,3,2,17,0,123,1,102,0,1,101,0,1,130,0,1
ltl2dba20.tlsf.ehoa.gm-2-4.gpg,1078,1760,4,2,61,0,127,1,111,0,1,261,0,1,130,0,1
ltl2dba20.tlsf.ehoa.gm-2-5.gpg,1078,1760,5,2,16,0,133,1,101,0,1,93,0,1,142,0,1
ltl2dba20.tlsf.ehoa.gm-2-6.gpg,1078,1760,6,2,64,0,133,1,114,0,1,268,0,1,152,0,1
ltl2dba20.tlsf.ehoa.gm-2-7.gpg,1078,1760,7,2,18,0,117,1,97,0,1,93,0,1,151,0,1
ltl2dba20.tlsf.ehoa.gm-2-8.gpg,1078,1760,8,2,46,0,119,1,102,0,1,230,0,1,169,0,1
ltl2dba20.tlsf.ehoa.gm-3-3.gpg,1078,1760,3,3,17,0,175,1,152,0,1,160,0,1,209,0,1
ltl2dba20.tlsf.ehoa.gm-3-4.gpg,1078,1760,4,3,61,0,188,1,169,0,1,453,0,1,202,0,1
ltl2dba20.tlsf.ehoa.gm-3-5.gpg,1078,1760,5,3,17,0,174,1,147,0,1,155,0,1,214,0,1
ltl2dba20.tlsf.ehoa.gm-3-6.gpg,1078,1760,6,3,63,0,180,1,168,0,1,431,0,1,231,0,1
ltl2dba20.tlsf.ehoa.gm-3-7.gpg,1078,1760,7,3,19,0,185,1,140,0,1,143,0,1,224,0,1
ltl2dba20.tlsf.ehoa.gm-3-8.gpg,1078,1760,8,3,48,0,182,1,163,0,1,386,0,1,305,0,1
ltl2dba20.tlsf.ehoa.gm-4-3.gpg,1078,1760,3,4,18,0,241,1,203,0,1,201,0,1,266,0,1
ltl2dba20.tlsf.ehoa.gm-4-4.gpg,1078,1760,4,4,62,0,246,1,223,0,1,609,0,1,282,0,1
ltl2dba20.tlsf.ehoa.gm-4-5.gpg,1078,1760,5,4,16,0,254,1,208,0,1,200,0,1,300,0,1
ltl2dba20.tlsf.ehoa.gm-4-6.gpg,1078,1760,6,4,63,0,255,1,222,0,1,610,0,1,311,0,1
ltl2dba20.tlsf.ehoa.gm-4-7.gpg,1078,1760,7,4,19,0,240,1,187,0,1,188,0,1,315,0,1
ltl2dba20.tlsf.ehoa.gm-4-8.gpg,1078,1760,8,4,48,0,257,1,234,0,1,519,0,1,366,0,1
ltl2dba20.tlsf.ehoa.gm-5-3.gpg,1078,1760,3,5,18,0,312,1,278,0,1,257,0,1,324,0,1
ltl2dba20.tlsf.ehoa.gm-5-4.gpg,1078,1760,4,5,63,0,302,1,287,0,1,883,0,1,339,0,1
ltl2dba20.tlsf.ehoa.gm-5-5.gpg,1078,1760,5,5,18,0,311,1,250,0,1,263,0,1,358,0,1
ltl2dba20.tlsf.ehoa.gm-5-6.gpg,1078,1760,6,5,66,0,317,1,281,0,1,799,0,1,375,0,1
ltl2dba20.tlsf.ehoa.gm-5-7.gpg,1078,1760,7,5,20,0,307,1,259,0,1,255,0,1,399,0,1
ltl2dba20.tlsf.ehoa.gm-5-8.gpg,1078,1760,8,5,47,0,309,1,280,0,1,688,0,1,446,0,1
ltl2dba20.tlsf.ehoa.gm-6-3.gpg,1078,1760,3,6,18,0,363,1,292,0,1,291,0,1,397,0,1
ltl2dba20.tlsf.ehoa.gm-6-4.gpg,1078,1760,4,6,64,0,367,1,344,0,1,1122,0,1,417,0,1
ltl2dba20.tlsf.ehoa.gm-6-5.gpg,1078,1760,5,6,18,0,378,1,307,0,1,306,0,1,449,0,1
ltl2dba20.tlsf.ehoa.gm-6-6.gpg,1078,1760,6,6,65,0,361,1,347,0,1,1081,0,1,459,0,1
ltl2dba20.tlsf.ehoa.gm-6-7.gpg,1078,1760,7,6,20,0,364,1,311,0,1,343,0,1,477,0,1
ltl2dba20.tlsf.ehoa.gm-6-8.gpg,1078,1760,8,6,49,0,356,1,344,0,1,877,0,1,548,0,1
ltl2dba20.tlsf.ehoa.gm-7-3.gpg,1078,1760,3,7,19,0,440,1,354,0,1,368,0,1,476,0,1
ltl2dba20.tlsf.ehoa.gm-7-4.gpg,1078,1760,4,7,64,0,454,1,410,0,1,1466,0,1,484,0,1
ltl2dba20.tlsf.ehoa.gm-7-5.gpg,1078,1760,5,7,19,0,452,1,351,0,1,351,0,1,523,0,1
ltl2dba20.tlsf.ehoa.gm-7-6.gpg,1078,1760,6,7,66,0,432,1,431,0,1,1446,0,1,556,0,1
ltl2dba20.tlsf.ehoa.gm-7-7.gpg,1078,1760,7,7,21,0,433,1,358,0,1,358,0,1,560,0,1
ltl2dba20.tlsf.ehoa.gm-7-8.gpg,1078,1760,8,7,49,0,434,1,399,0,1,1102,0,1,632,0,1
ltl2dba20.tlsf.ehoa.gm-8-3.gpg,1078,1760,3,8,20,0,512,1,411,0,1,410,0,1,559,0,1
ltl2dba20.tlsf.ehoa.gm-8-4.gpg,1078,1760,4,8,63,0,486,1,479,0,1,1924,0,1,563,0,1
ltl2dba20.tlsf.ehoa.gm-8-5.gpg,1078,1760,5,8,19,0,500,1,428,0,1,420,0,1,588,0,1
ltl2dba20.tlsf.ehoa.gm-8-6.gpg,1078,1760,6,8,68,0,499,1,463,0,1,1816,0,1,613,0,1
ltl2dba20.tlsf.ehoa.gm-8-7.gpg,1078,1760,7,8,22,0,515,1,409,0,1,408,0,1,639,0,1
ltl2dba20.tlsf.ehoa.gm-8-8.gpg,1078,1760,8,8,49,0,526,1,439,0,1,1334,0,1,734,0,1
ltl2dba21.tlsf.ehoa.gm-1-3.gpg,2197,3380,3,1,102,0,80,0,57,0,0,54,0,0,86,0,0
ltl2dba21.tlsf.ehoa.gm-1-4.gpg,2197,3380,4,1,654,0,73,0,60,0,0,340,0,0,10000,0,1
ltl2dba21.tlsf.ehoa.gm-1-5.gpg,2197,3380,5,1,156,0,83,0,57,0,0,60,0,0,100,0,0
ltl2dba21.tlsf.ehoa.gm-1-6.gpg,2197,3380,6,1,1306,0,78,0,61,0,0,350,0,0,10000,0,1
ltl2dba21.tlsf.ehoa.gm-1-7.gpg,2197,3380,7,1,157,0,83,0,56,0,0,56,0,0,110,0,0
ltl2dba21.tlsf.ehoa.gm-1-8.gpg,2197,3380,8,1,2199,0,80,0,167,1,0,2501,1,1,10000,0,1
ltl2dba21.tlsf.ehoa.gm-2-3.gpg,2197,3380,3,2,105,0,153,1,118,0,1,117,0,1,183,0,1
ltl2dba21.tlsf.ehoa.gm-2-4.gpg,2197,3380,4,2,1995,0,163,0,125,0,0,955,0,0,10000,0,1
ltl2dba21.tlsf.ehoa.gm-2-5.gpg,2197,3380,5,2,160,0,166,1,111,0,0,114,0,0,205,0,1
ltl2dba21.tlsf.ehoa.gm-2-6.gpg,2197,3380,6,2,3110,0,156,0,128,0,0,1016,0,0,10000,0,1
ltl2dba21.tlsf.ehoa.gm-2-7.gpg,2197,3380,7,2,158,0,167,1,115,0,0,115,0,0,225,0,1
ltl2dba21.tlsf.ehoa.gm-2-8.gpg,2197,3380,8,2,4950,0,181,0,674,0,0,3518,0,0,10000,0,1
ltl2dba21.tlsf.ehoa.gm-3-3.gpg,2197,3380,3,3,107,0,249,1,190,0,1,188,0,1,265,0,1
ltl2dba21.tlsf.ehoa.gm-3-4.gpg,2197,3380,4,3,2887,0,236,0,195,0,0,2042,0,0,10000,0,1
ltl2dba21.tlsf.ehoa.gm-3-5.gpg,2197,3380,5,3,157,0,261,1,182,0,1,176,0,1,325,0,1
ltl2dba21.tlsf.ehoa.gm-3-6.gpg,2197,3380,6,3,3895,0,255,0,1369,0,0,2605,0,0,10000,0,1
ltl2dba21.tlsf.ehoa.gm-3-7.gpg,2197,3380,7,3,159,0,259,1,183,0,1,175,0,1,344,0,1
ltl2dba21.tlsf.ehoa.gm-3-8.gpg,2197,3380,8,3,4970,0,302,0,2293,0,0,4768,0,0,10000,0,1
ltl2dba21.tlsf.ehoa.gm-4-3.gpg,2197,3380,3,4,104,0,330,1,233,0,1,244,0,1,384,0,1
ltl2dba21.tlsf.ehoa.gm-4-4.gpg,2197,3380,4,4,4096,0,315,0,276,0,0,3963,0,0,10000,0,1
ltl2dba21.tlsf.ehoa.gm-4-5.gpg,2197,3380,5,4,162,0,342,1,247,0,1,233,0,1,413,0,1
ltl2dba21.tlsf.ehoa.gm-4-6.gpg,2197,3380,6,4,3886,0,342,0,4668,0,1,5145,0,1,10000,0,1
ltl2dba21.tlsf.ehoa.gm-4-7.gpg,2197,3380,7,4,157,0,338,1,240,0,1,228,0,1,477,0,1
ltl2dba21.tlsf.ehoa.gm-4-8.gpg,2197,3380,8,4,5045,0,422,0,2426,0,0,5512,0,1,10000,0,1
ltl2dba21.tlsf.ehoa.gm-5-3.gpg,2197,3380,3,5,109,0,437,1,302,0,1,312,0,1,496,0,1
ltl2dba21.tlsf.ehoa.gm-5-4.gpg,2197,3380,4,5,5122,0,414,0,363,0,0,7374,0,1,10000,0,1
ltl2dba21.tlsf.ehoa.gm-5-5.gpg,2197,3380,5,5,165,0,426,1,293,0,1,301,0,1,523,0,1
ltl2dba21.tlsf.ehoa.gm-5-6.gpg,2197,3380,6,5,3948,0,431,0,11725,0,1,9075,0,1,10000,0,1
ltl2dba21.tlsf.ehoa.gm-5-7.gpg,2197,3380,7,5,160,0,431,1,305,0,1,314,0,1,617,0,1
ltl2dba21.tlsf.ehoa.gm-5-8.gpg,2197,3380,8,5,5042,0,652,0,2594,0,0,6453,0,1,10000,0,1
ltl2dba21.tlsf.ehoa.gm-6-3.gpg,2197,3380,3,6,109,0,507,1,359,0,1,357,0,1,557,0,1
ltl2dba21.tlsf.ehoa.gm-6-4.gpg,2197,3380,4,6,6545,0,523,0,473,0,0,13987,0,1,10000,0,1
ltl2dba21.tlsf.ehoa.gm-6-5.gpg,2197,3380,5,6,164,0,518,1,357,0,1,375,0,1,678,0,1
ltl2dba21.tlsf.ehoa.gm-6-6.gpg,2197,3380,6,6,3952,0,542,0,10000,0,1,15932,0,1,10000,0,1
ltl2dba21.tlsf.ehoa.gm-6-7.gpg,2197,3380,7,6,160,0,531,1,361,0,1,372,0,1,720,0,1
ltl2dba21.tlsf.ehoa.gm-6-8.gpg,2197,3380,8,6,4982,0,633,0,2664,0,0,7396,0,1,10000,0,1
ltl2dba21.tlsf.ehoa.gm-7-3.gpg,2197,3380,3,7,111,0,602,1,439,0,1,419,0,1,707,0,1
ltl2dba21.tlsf.ehoa.gm-7-4.gpg,2197,3380,4,7,7582,0,655,0,591,0,0,10000,0,1,10000,0,1
ltl2dba21.tlsf.ehoa.gm-7-5.gpg,2197,3380,5,7,164,0,588,1,420,0,1,420,0,1,729,0,1
ltl2dba21.tlsf.ehoa.gm-7-6.gpg,2197,3380,6,7,3850,0,614,0,10000,0,1,23833,0,1,10000,0,1
ltl2dba21.tlsf.ehoa.gm-7-7.gpg,2197,3380,7,7,163,0,590,1,433,0,1,438,0,1,841,0,1
ltl2dba21.tlsf.ehoa.gm-7-8.gpg,2197,3380,8,7,4998,0,740,0,2750,0,0,8963,0,1,10000,0,1
ltl2dba21.tlsf.ehoa.gm-8-3.gpg,2197,3380,3,8,113,0,685,1,502,0,1,521,0,1,765,0,1
ltl2dba21.tlsf.ehoa.gm-8-4.gpg,2197,3380,4,8,10000,0,718,0,637,0,0,10000,0,1,10000,0,1
ltl2dba21.tlsf.ehoa.gm-8-5.gpg,2197,3380,5,8,166,0,716,1,511,0,1,512,0,1,889,0,1
ltl2dba21.tlsf.ehoa.gm-8-6.gpg,2197,3380,6,8,3939,0,696,0,10000,0,1,10000,0,1,10000,0,1
ltl2dba21.tlsf.ehoa.gm-8-7.gpg,2197,3380,7,8,165,0,694,1,513,0,1,490,0,1,1053,0,1
ltl2dba21.tlsf.ehoa.gm-8-8.gpg,2197,3380,8,8,5046,0,864,0,2900,0,0,11104,0,1,10000,0,1
ltl2dba22.tlsf.ehoa.gm-1-3.gpg,21,30,3,1,0,0,38,1,38,0,1,38,0,1,41,0,1
ltl2dba22.tlsf.ehoa.gm-1-4.gpg,21,30,4,1,0,0,43,1,42,0,1,43,0,1,41,0,1
ltl2dba22.tlsf.ehoa.gm-1-5.gpg,21,30,5,1,0,0,41,1,42,0,1,41,0,1,44,0,1
ltl2dba22.tlsf.ehoa.gm-1-6.gpg,21,30,6,1,0,0,42,1,40,0,1,42,0,1,47,0,1
ltl2dba22.tlsf.ehoa.gm-1-7.gpg,21,30,7,1,0,0,42,1,39,1,1,40,0,1,47,0,1
ltl2dba22.tlsf.ehoa.gm-1-8.gpg,21,30,8,1,0,0,43,1,40,0,1,45,0,1,43,0,1
ltl2dba22.tlsf.ehoa.gm-2-3.gpg,21,30,3,2,0,0,79,1,75,0,1,75,0,1,89,0,1
ltl2dba22.tlsf.ehoa.gm-2-4.gpg,21,30,4,2,0,0,82,1,85,0,1,87,0,1,84,0,1
ltl2dba22.tlsf.ehoa.gm-2-5.gpg,21,30,5,2,0,0,85,1,83,0,1,83,0,1,79,0,1
ltl2dba22.tlsf.ehoa.gm-2-6.gpg,21,30,6,2,0,0,81,1,83,0,1,81,0,1,101,0,1
ltl2dba22.tlsf.ehoa.gm-2-7.gpg,21,30,7,2,0,0,76,1,81,0,1,78,0,1,92,0,1
ltl2dba22.tlsf.ehoa.gm-2-8.gpg,21,30,8,2,0,0,79,1,87,0,1,93,0,1,85,0,1
ltl2dba22.tlsf.ehoa.gm-3-3.gpg,21,30,3,3,0,0,123,1,122,0,1,119,0,1,123,0,1
ltl2dba22.tlsf.ehoa.gm-3-4.gpg,21,30,4,3,0,0,130,1,122,0,1,129,0,1,115,0,1
ltl2dba22.tlsf.ehoa.gm-3-5.gpg,21,30,5,3,0,0,120,1,120,0,1,115,0,1,115,0,1
ltl2dba22.tlsf.ehoa.gm-3-6.gpg,21,30,6,3,0,0,114,1,117,0,1,117,0,1,135,0,1
ltl2dba22.tlsf.ehoa.gm-3-7.gpg,21,30,7,3,0,0,119,1,118,0,1,112,0,1,129,0,1
ltl2dba22.tlsf.ehoa.gm-3-8.gpg,21,30,8,3,0,0,115,1,131,0,1,137,0,1,125,0,1
ltl2dba22.tlsf.ehoa.gm-4-3.gpg,21,30,3,4,0,0,166,1,169,0,1,165,0,1,165,0,1
ltl2dba22.tlsf.ehoa.gm-4-4.gpg,21,30,4,4,0,0,159,1,166,0,1,161,0,1,163,0,1
ltl2dba22.tlsf.ehoa.gm-4-5.gpg,21,30,5,4,0,0,160,1,163,0,1,165,0,1,165,0,1
ltl2dba22.tlsf.ehoa.gm-4-6.gpg,21,30,6,4,3,0,172,1,165,0,1,171,0,1,188,0,1
ltl2dba22.tlsf.ehoa.gm-4-7.gpg,21,30,7,4,0,0,162,1,156,0,1,152,0,1,171,0,1
ltl2dba22.tlsf.ehoa.gm-4-8.gpg,21,30,8,4,0,0,157,1,193,0,1,171,0,1,156,0,1
ltl2dba22.tlsf.ehoa.gm-5-3.gpg,21,30,3,5,0,0,194,1,211,0,1,206,0,1,208,0,1
ltl2dba22.tlsf.ehoa.gm-5-4.gpg,21,30,4,5,0,0,214,1,227,0,1,209,0,1,193,0,1
ltl2dba22.tlsf.ehoa.gm-5-5.gpg,21,30,5,5,0,0,201,1,191,0,1,192,0,1,198,0,1
ltl2dba22.tlsf.ehoa.gm-5-6.gpg,21,30,6,5,0,0,198,1,198,0,1,211,0,1,216,0,1
ltl2dba22.tlsf.ehoa.gm-5-7.gpg,21,30,7,5,0,0,191,1,203,0,1,198,0,1,215,0,1
ltl2dba22.tlsf.ehoa.gm-5-8.gpg,21,30,8,5,0,0,200,1,285,0,1,239,0,1,192,0,1
ltl2dba22.tlsf.ehoa.gm-6-3.gpg,21,30,3,6,0,0,242,1,235,0,1,229,0,1,246,0,1
ltl2dba22.tlsf.ehoa.gm-6-4.gpg,21,30,4,6,0,0,262,1,287,0,1,255,0,1,242,0,1
ltl2dba22.tlsf.ehoa.gm-6-5.gpg,21,30,5,6,0,0,243,1,230,0,1,227,0,1,230,0,1
ltl2dba22.tlsf.ehoa.gm-6-6.gpg,21,30,6,6,0,0,225,1,228,0,1,239,0,1,268,0,1
ltl2dba22.tlsf.ehoa.gm-6-7.gpg,21,30,7,6,0,0,224,1,244,0,1,224,0,1,242,0,1
ltl2dba22.tlsf.ehoa.gm-6-8.gpg,21,30,8,6,0,0,223,1,392,0,1,284,0,1,230,0,1
ltl2dba22.tlsf.ehoa.gm-7-3.gpg,21,30,3,7,0,0,270,1,282,0,1,276,0,1,268,0,1
ltl2dba22.tlsf.ehoa.gm-7-4.gpg,21,30,4,7,0,0,265,1,335,0,1,284,0,1,274,0,1
ltl2dba22.tlsf.ehoa.gm-7-5.gpg,21,30,5,7,0,0,278,1,280,0,1,298,0,1,277,0,1
ltl2dba22.tlsf.ehoa.gm-7-6.gpg,21,30,6,7,0,0,270,1,285,0,1,268,0,1,287,0,1
ltl2dba22.tlsf.ehoa.gm-7-7.gpg,21,30,7,7,0,0,267,1,261,0,1,273,0,1,285,0,1
ltl2dba22.tlsf.ehoa.gm-7-8.gpg,21,30,8,7,0,0,270,1,577,0,1,295,0,1,260,0,1
ltl2dba22.tlsf.ehoa.gm-8-3.gpg,21,30,3,8,0,0,306,1,308,0,1,309,0,1,308,0,1
ltl2dba22.tlsf.ehoa.gm-8-4.gpg,21,30,4,8,0,0,307,1,411,0,1,331,0,1,302,0,1
ltl2dba22.tlsf.ehoa.gm-8-5.gpg,21,30,5,8,0,0,339,1,362,0,1,332,0,1,356,0,1
ltl2dba22.tlsf.ehoa.gm-8-6.gpg,21,30,6,8,0,0,322,1,311,0,1,319,0,1,345,0,1
ltl2dba22.tlsf.ehoa.gm-8-7.gpg,21,30,7,8,0,0,317,1,327,0,1,317,0,1,333,0,1
ltl2dba22.tlsf.ehoa.gm-8-8.gpg,21,30,8,8,0,0,319,1,919,0,1,380,0,1,332,0,1
ltl2dba23.tlsf.ehoa.gm-1-3.gpg,51,78,3,1,0,0,38,1,38,0,1,38,0,1,40,0,1
ltl2dba23.tlsf.ehoa.gm-1-4.gpg,51,78,4,1,0,0,40,1,40,0,1,40,0,1,55,0,1
ltl2dba23.tlsf.ehoa.gm-1-5.gpg,51,78,5,1,0,0,42,1,39,0,1,46,0,1,59,0,1
ltl2dba23.tlsf.ehoa.gm-1-6.gpg,51,78,6,1,0,0,39,1,38,0,1,41,0,1,50,0,1
ltl2dba23.tlsf.ehoa.gm-1-7.gpg,51,78,7,1,0,0,45,1,41,1,1,43,1,1,62,0,1
ltl2dba23.tlsf.ehoa.gm-1-8.gpg,51,78,8,1,0,0,39,1,50,0,1,57,0,1,39,0,1
ltl2dba23.tlsf.ehoa.gm-2-3.gpg,51,78,3,2,0,0,81,1,79,0,1,75,0,1,80,0,1
ltl2dba23.tlsf.ehoa.gm-2-4.gpg,51,78,4,2,1,0,76,1,88,0,1,96,0,1,137,0,1
ltl2dba23.tlsf.ehoa.gm-2-5.gpg,51,78,5,2,0,0,84,1,80,0,1,81,0,1,106,0,1
ltl2dba23.tlsf.ehoa.gm-2-6.gpg,51,78,6,2,0,0,78,1,82,0,1,92,0,1,113,0,1
ltl2dba23.tlsf.ehoa.gm-2-7.gpg,51,78,7,2,1,0,79,1,78,0,1,87,0,1,107,0,1
ltl2dba23.tlsf.ehoa.gm-2-8.gpg,51,78,8,2,0,0,79,1,80,0,1,100,0,1,83,0,1
ltl2dba23.tlsf.ehoa.gm-3-3.gpg,51,78,3,3,0,0,119,1,122,0,1,115,0,1,121,0,1
ltl2dba23.tlsf.ehoa.gm-3-4.gpg,51,78,4,3,1,0,119,1,130,0,1,136,0,1,202,0,1
ltl2dba23.tlsf.ehoa.gm-3-5.gpg,51,78,5,3,0,0,129,1,118,0,1,121,0,1,160,0,1
ltl2dba23.tlsf.ehoa.gm-3-7.gpg,51,78,7,3,1,0,131,1,128,0,1,128,0,1,154,0,1
ltl2dba23.tlsf.ehoa.gm-3-8.gpg,51,78,8,3,0,0,126,1,134,0,1,151,0,1,130,0,1
ltl2dba23.tlsf.ehoa.gm-4-3.gpg,51,78,3,4,0,0,158,1,161,0,1,159,0,1,169,0,1
ltl2dba23.tlsf.ehoa.gm-4-4.gpg,51,78,4,4,1,0,167,1,179,0,1,209,0,1,284,0,1
ltl2dba23.tlsf.ehoa.gm-4-5.gpg,51,78,5,4,1,0,177,1,169,0,1,162,0,1,183,0,1
ltl2dba23.tlsf.ehoa.gm-4-7.gpg,51,78,7,4,1,0,176,1,157,0,1,175,0,1,202,0,1
ltl2dba23.tlsf.ehoa.gm-4-8.gpg,51,78,8,4,0,0,168,1,173,0,1,193,0,1,171,0,1
ltl2dba23.tlsf.ehoa.gm-5-3.gpg,51,78,3,5,0,0,202,1,204,0,1,208,0,1,212,0,1
ltl2dba23.tlsf.ehoa.gm-5-4.gpg,51,78,4,5,1,0,217,1,252,0,1,273,0,1,358,0,1
ltl2dba23.tlsf.ehoa.gm-5-5.gpg,51,78,5,5,1,0,203,1,205,0,1,207,0,1,271,0,1
ltl2dba23.tlsf.ehoa.gm-5-7.gpg,51,78,7,5,1,0,206,1,193,0,1,208,0,1,237,0,1
ltl2dba23.tlsf.ehoa.gm-5-8.gpg,51,78,8,5,0,0,199,1,214,0,1,235,0,1,207,0,1
ltl2dba23.tlsf.ehoa.gm-6-3.gpg,51,78,3,6,0,0,231,1,225,0,1,242,0,1,247,0,1
ltl2dba23.tlsf.ehoa.gm-6-4.gpg,51,78,4,6,1,0,240,1,303,0,1,297,0,1,444,0,1
ltl2dba23.tlsf.ehoa.gm-6-5.gpg,51,78,5,6,1,0,256,1,241,0,1,241,0,1,287,0,1
ltl2dba23.tlsf.ehoa.gm-6-7.gpg,51,78,7,6,1,0,249,1,234,0,1,239,0,1,279,0,1
ltl2dba23.tlsf.ehoa.gm-6-8.gpg,51,78,8,6,0,0,245,1,252,0,1,274,0,1,239,0,1
ltl2dba23.tlsf.ehoa.gm-7-3.gpg,51,78,3,7,0,0,278,1,299,0,1,290,0,1,295,0,1
ltl2dba23.tlsf.ehoa.gm-7-4.gpg,51,78,4,7,1,0,299,1,397,0,1,373,0,1,510,0,1
ltl2dba23.tlsf.ehoa.gm-7-5.gpg,51,78,5,7,1,0,314,1,307,0,1,311,0,1,361,0,1
ltl2dba23.tlsf.ehoa.gm-7-7.gpg,51,78,7,7,1,0,273,1,267,0,1,268,0,1,329,0,1
ltl2dba23.tlsf.ehoa.gm-7-8.gpg,51,78,8,7,0,0,300,1,297,0,1,333,0,1,282,0,1
ltl2dba23.tlsf.ehoa.gm-8-3.gpg,51,78,3,8,0,0,310,1,325,0,1,326,0,1,326,0,1
ltl2dba23.tlsf.ehoa.gm-8-4.gpg,51,78,4,8,1,0,313,1,530,0,1,476,0,1,597,0,1
ltl2dba23.tlsf.ehoa.gm-8-5.gpg,51,78,5,8,1,0,311,1,319,0,1,335,0,1,358,0,1
ltl2dba23.tlsf.ehoa.gm-8-7.gpg,51,78,7,8,1,0,337,1,308,0,1,317,0,1,363,0,1
ltl2dba23.tlsf.ehoa.gm-8-8.gpg,51,78,8,8,0,0,334,1,327,0,1,370,0,1,348,0,1
ltl2dba24.tlsf.ehoa.gm-1-3.gpg,19,26,3,1,0,0,38,1,42,0,1,41,0,1,39,0,1
ltl2dba24.tlsf.ehoa.gm-1-4.gpg,19,26,4,1,0,0,38,1,40,0,1,40,0,1,41,0,1
ltl2dba24.tlsf.ehoa.gm-1-5.gpg,19,26,5,1,0,0,40,1,41,0,1,41,0,1,40,0,1
ltl2dba24.tlsf.ehoa.gm-1-6.gpg,19,26,6,1,0,0,38,1,46,0,1,47,0,1,43,0,1
ltl2dba24.tlsf.ehoa.gm-1-7.gpg,19,26,7,1,0,0,39,1,39,0,1,38,0,1,38,0,1
ltl2dba24.tlsf.ehoa.gm-1-8.gpg,19,26,8,1,0,0,38,1,40,0,1,48,0,1,42,0,1
ltl2dba24.tlsf.ehoa.gm-2-3.gpg,19,26,3,2,0,0,75,1,78,0,1,79,0,1,79,0,1
ltl2dba24.tlsf.ehoa.gm-2-4.gpg,19,26,4,2,0,0,81,1,77,0,1,76,0,1,84,0,1
ltl2dba24.tlsf.ehoa.gm-2-5.gpg,19,26,5,2,0,0,74,1,76,0,1,76,0,1,76,0,1
ltl2dba24.tlsf.ehoa.gm-2-6.gpg,19,26,6,2,0,0,74,1,77,0,1,77,0,1,77,0,1
ltl2dba24.tlsf.ehoa.gm-2-7.gpg,19,26,7,2,0,0,75,1,78,0,1,74,0,1,76,0,1
ltl2dba24.tlsf.ehoa.gm-2-8.gpg,19,26,8,2,0,0,79,1,82,0,1,83,1,1,78,0,1
ltl2dba24.tlsf.ehoa.gm-3-3.gpg,19,26,3,3,0,0,112,1,115,0,1,111,0,1,113,0,1
ltl2dba24.tlsf.ehoa.gm-3-4.gpg,19,26,4,3,0,0,113,1,122,0,1,123,0,1,142,0,1
ltl2dba24.tlsf.ehoa.gm-3-5.gpg,19,26,5,3,0,0,133,1,125,0,1,118,0,1,118,0,1
ltl2dba24.tlsf.ehoa.gm-3-6.gpg,19,26,6,3,0,0,130,1,123,0,1,127,0,1,126,0,1
ltl2dba24.tlsf.ehoa.gm-3-7.gpg,19,26,7,3,0,0,128,1,128,0,1,123,0,1,127,0,1
ltl2dba24.tlsf.ehoa.gm-4-3.gpg,19,26,3,4,0,0,172,1,160,0,1,155,0,1,154,0,1
ltl2dba24.tlsf.ehoa.gm-4-4.gpg,19,26,4,4,0,0,176,1,164,0,1,152,0,1,170,0,1
ltl2dba24.tlsf.ehoa.gm-4-5.gpg,19,26,5,4,0,0,157,1,151,0,1,160,0,1,155,0,1
ltl2dba24.tlsf.ehoa.gm-4-6.gpg,19,26,6,4,0,0,165,1,153,0,1,158,0,1,154,0,1
ltl2dba24.tlsf.ehoa.gm-4-7.gpg,19,26,7,4,0,0,148,1,155,0,1,150,0,1,163,0,1
ltl2dba24.tlsf.ehoa.gm-5-3.gpg,19,26,3,5,0,0,190,1,196,0,1,185,0,1,195,0,1
ltl2dba24.tlsf.ehoa.gm-5-4.gpg,19,26,4,5,0,0,187,1,189,0,1,193,0,1,209,0,1
ltl2dba24.tlsf.ehoa.gm-5-5.gpg,19,26,5,5,0,0,211,1,187,0,1,206,0,1,213,0,1
ltl2dba24.tlsf.ehoa.gm-5-6.gpg,19,26,6,5,0,0,208,1,198,0,1,197,0,1,200,0,1
ltl2dba24.tlsf.ehoa.gm-5-7.gpg,19,26,7,5,0,0,192,1,186,0,1,188,0,1,196,0,1
ltl2dba24.tlsf.ehoa.gm-6-3.gpg,19,26,3,6,0,0,241,1,238,0,1,249,0,1,230,0,1
ltl2dba24.tlsf.ehoa.gm-6-4.gpg,19,26,4,6,0,0,228,1,235,0,1,233,0,1,240,0,1
ltl2dba24.tlsf.ehoa.gm-6-5.gpg,19,26,5,6,0,0,231,1,232,0,1,231,0,1,227,0,1
ltl2dba24.tlsf.ehoa.gm-6-6.gpg,19,26,6,6,0,0,255,1,229,0,1,235,0,1,228,0,1
ltl2dba24.tlsf.ehoa.gm-6-7.gpg,19,26,7,6,0,0,227,1,222,0,1,224,0,1,234,0,1
ltl2dba24.tlsf.ehoa.gm-7-3.gpg,19,26,3,7,0,0,262,1,273,0,1,267,0,1,266,0,1
ltl2dba24.tlsf.ehoa.gm-7-4.gpg,19,26,4,7,0,0,264,1,277,0,1,290,0,1,280,0,1
ltl2dba24.tlsf.ehoa.gm-7-5.gpg,19,26,5,7,0,0,264,1,261,0,1,266,0,1,264,0,1
ltl2dba24.tlsf.ehoa.gm-7-6.gpg,19,26,6,7,0,0,262,1,261,0,1,278,0,1,267,0,1
ltl2dba24.tlsf.ehoa.gm-7-7.gpg,19,26,7,7,0,0,264,1,263,0,1,263,0,1,308,0,1
ltl2dba24.tlsf.ehoa.gm-8-3.gpg,19,26,3,8,0,0,311,1,317,0,1,322,0,1,325,0,1
ltl2dba24.tlsf.ehoa.gm-8-4.gpg,19,26,4,8,0,0,301,1,299,0,1,318,0,1,322,0,1
ltl2dba24.tlsf.ehoa.gm-8-5.gpg,19,26,5,8,0,0,338,1,319,0,1,315,0,1,300,0,1
ltl2dba24.tlsf.ehoa.gm-8-6.gpg,19,26,6,8,0,0,305,1,299,0,1,313,0,1,323,0,1
ltl2dba24.tlsf.ehoa.gm-8-7.gpg,19,26,7,8,0,0,299,1,301,0,1,310,0,1,335,0,1
ltl2dba25.tlsf.ehoa.gm-1-3.gpg,104,158,3,1,0,0,47,1,39,0,1,38,0,1,39,0,1
ltl2dba25.tlsf.ehoa.gm-1-4.gpg,104,158,4,1,0,0,40,1,40,0,1,40,0,1,39,0,1
ltl2dba25.tlsf.ehoa.gm-1-5.gpg,104,158,5,1,1,0,40,1,40,0,1,41,0,1,69,0,1
ltl2dba25.tlsf.ehoa.gm-1-6.gpg,104,158,6,1,1,0,40,1,42,0,1,54,0,1,44,0,1
ltl2dba25.tlsf.ehoa.gm-1-7.gpg,104,158,7,1,0,0,44,1,43,0,1,40,0,1,44,0,1
ltl2dba25.tlsf.ehoa.gm-1-8.gpg,104,158,8,1,1,0,39,1,38,0,1,44,0,1,43,0,1
ltl2dba25.tlsf.ehoa.gm-2-3.gpg,104,158,3,2,0,0,79,1,79,0,1,80,0,1,81,0,1
ltl2dba25.tlsf.ehoa.gm-2-4.gpg,104,158,4,2,0,0,77,1,76,0,1,80,0,1,81,0,1
ltl2dba25.tlsf.ehoa.gm-2-5.gpg,104,158,5,2,2,0,82,1,77,0,1,81,0,1,140,0,1
ltl2dba25.tlsf.ehoa.gm-2-6.gpg,104,158,6,2,1,0,80,1,86,0,1,99,0,1,82,0,1
ltl2dba25.tlsf.ehoa.gm-2-7.gpg,104,158,7,2,0,0,79,1,83,0,1,85,0,1,85,0,1
ltl2dba25.tlsf.ehoa.gm-2-8.gpg,104,158,8,2,1,0,88,1,86,0,1,87,0,1,81,0,1
ltl2dba25.tlsf.ehoa.gm-3-3.gpg,104,158,3,3,0,0,127,1,120,0,1,113,0,1,120,0,1
ltl2dba25.tlsf.ehoa.gm-3-4.gpg,104,158,4,3,0,0,118,1,114,0,1,121,0,1,120,0,1
ltl2dba25.tlsf.ehoa.gm-3-5.gpg,104,158,5,3,2,0,122,1,114,0,1,117,0,1,179,0,1
ltl2dba25.tlsf.ehoa.gm-3-6.gpg,104,158,6,3,1,0,121,1,119,0,1,141,0,1,128,0,1
ltl2dba25.tlsf.ehoa.gm-3-7.gpg,104,158,7,3,0,0,117,1,113,0,1,112,0,1,124,0,1
ltl2dba25.tlsf.ehoa.gm-3-8.gpg,104,158,8,3,1,0,124,1,121,0,1,137,0,1,133,0,1
ltl2dba25.tlsf.ehoa.gm-4-3.gpg,104,158,3,4,0,0,165,1,155,0,1,154,0,1,160,0,1
ltl2dba25.tlsf.ehoa.gm-4-4.gpg,104,158,4,4,0,0,160,1,162,0,1,168,0,1,157,0,1
ltl2dba25.tlsf.ehoa.gm-4-5.gpg,104,158,5,4,2,0,169,1,158,0,1,159,0,1,243,0,1
ltl2dba25.tlsf.ehoa.gm-4-6.gpg,104,158,6,4,1,0,166,1,171,0,1,198,0,1,173,0,1
ltl2dba25.tlsf.ehoa.gm-4-7.gpg,104,158,7,4,0,0,170,1,163,0,1,157,0,1,169,0,1
ltl2dba25.tlsf.ehoa.gm-4-8.gpg,104,158,8,4,1,0,168,1,164,0,1,209,0,1,174,0,1
ltl2dba25.tlsf.ehoa.gm-5-3.gpg,104,158,3,5,0,0,209,1,222,0,1,200,0,1,218,0,1
ltl2dba25.tlsf.ehoa.gm-5-4.gpg,104,158,4,5,0,0,205,1,194,0,1,225,0,1,212,0,1
ltl2dba25.tlsf.ehoa.gm-5-5.gpg,104,158,5,5,2,0,223,1,212,0,1,219,0,1,276,0,1
ltl2dba25.tlsf.ehoa.gm-5-6.gpg,104,158,6,5,1,0,215,1,216,0,1,238,0,1,205,0,1
ltl2dba25.tlsf.ehoa.gm-5-7.gpg,104,158,7,5,0,0,208,1,206,0,1,192,0,1,209,0,1
ltl2dba25.tlsf.ehoa.gm-5-8.gpg,104,158,8,5,1,0,200,1,210,0,1,213,0,1,210,0,1
ltl2dba25.tlsf.ehoa.gm-6-3.gpg,104,158,3,6,0,0,244,1,245,0,1,243,0,1,241,0,1
ltl2dba25.tlsf.ehoa.gm-6-4.gpg,104,158,4,6,1,0,238,1,238,0,1,262,0,1,239,0,1
ltl2dba25.tlsf.ehoa.gm-6-5.gpg,104,158,5,6,2,0,249,1,247,0,1,250,0,1,336,0,1
ltl2dba25.tlsf.ehoa.gm-6-6.gpg,104,158,6,6,1,0,250,1,306,0,1,292,0,1,276,0,1
ltl2dba25.tlsf.ehoa.gm-6-7.gpg,104,158,7,6,0,0,288,1,270,0,1,252,0,1,267,0,1
ltl2dba25.tlsf.ehoa.gm-6-8.gpg,104,158,8,6,1,0,268,1,248,0,1,277,0,1,259,0,1
ltl2dba25.tlsf.ehoa.gm-7-3.gpg,104,158,3,7,0,0,299,1,293,0,1,307,0,1,296,0,1
ltl2dba25.tlsf.ehoa.gm-7-4.gpg,104,158,4,7,1,0,287,1,295,0,1,309,0,1,274,0,1
ltl2dba25.tlsf.ehoa.gm-7-5.gpg,104,158,5,7,2,0,303,1,292,0,1,304,0,1,386,0,1
ltl2dba25.tlsf.ehoa.gm-7-6.gpg,104,158,6,7,1,0,290,1,301,0,1,333,0,1,294,0,1
ltl2dba25.tlsf.ehoa.gm-7-7.gpg,104,158,7,7,0,0,296,1,287,0,1,283,0,1,303,0,1
ltl2dba25.tlsf.ehoa.gm-7-8.gpg,104,158,8,7,1,0,293,1,304,0,1,341,0,1,343,0,1
ltl2dba25.tlsf.ehoa.gm-8-3.gpg,104,158,3,8,0,0,330,1,328,0,1,336,0,1,343,0,1
ltl2dba25.tlsf.ehoa.gm-8-4.gpg,104,158,4,8,1,0,389,1,335,0,1,386,0,1,327,0,1
ltl2dba25.tlsf.ehoa.gm-8-5.gpg,104,158,5,8,2,0,341,1,327,0,1,318,0,1,407,0,1
ltl2dba25.tlsf.ehoa.gm-8-6.gpg,104,158,6,8,1,0,319,1,338,0,1,362,0,1,348,0,1
ltl2dba25.tlsf.ehoa.gm-8-7.gpg,104,158,7,8,0,0,321,1,326,0,1,309,0,1,335,0,1
ltl2dba25.tlsf.ehoa.gm-8-8.gpg,104,158,8,8,1,0,331,1,326,0,1,342,0,1,342,0,1
ltl2dba_Q.tlsf.ehoa.gm-1-3.gpg,46,68,3,1,0,0,40,1,41,0,1,40,0,1,39,0,1
ltl2dba_Q.tlsf.ehoa.gm-1-4.gpg,46,68,4,1,0,0,38,1,41,1,1,45,1,1,74,0,1
ltl2dba_Q.tlsf.ehoa.gm-1-5.gpg,46,68,5,1,0,0,39,1,37,0,1,37,0,1,38,0,1
ltl2dba_Q.tlsf.ehoa.gm-1-6.gpg,46,68,6,1,0,0,38,1,37,0,1,38,0,1,38,0,1
ltl2dba_Q.tlsf.ehoa.gm-1-7.gpg,46,68,7,1,0,0,39,1,42,0,1,38,0,1,39,0,1
ltl2dba_Q.tlsf.ehoa.gm-1-8.gpg,46,68,8,1,0,0,38,1,38,0,1,41,0,1,39,0,1
ltl2dba_Q.tlsf.ehoa.gm-2-3.gpg,46,68,3,2,0,0,78,1,74,0,1,78,0,1,84,0,1
ltl2dba_Q.tlsf.ehoa.gm-2-4.gpg,46,68,4,2,1,0,94,1,85,1,1,85,1,1,183,0,1
ltl2dba_Q.tlsf.ehoa.gm-2-5.gpg,46,68,5,2,0,0,76,1,74,0,1,75,0,1,76,0,1
ltl2dba_Q.tlsf.ehoa.gm-2-6.gpg,46,68,6,2,0,0,78,1,77,0,1,76,0,1,76,0,1
ltl2dba_Q.tlsf.ehoa.gm-2-7.gpg,46,68,7,2,0,0,75,1,74,0,1,74,0,1,77,0,1
ltl2dba_Q.tlsf.ehoa.gm-2-8.gpg,46,68,8,2,0,0,77,1,75,0,1,77,0,1,76,0,1
ltl2dba_Q.tlsf.ehoa.gm-3-3.gpg,46,68,3,3,0,0,120,1,116,0,1,116,0,1,132,0,1
ltl2dba_Q.tlsf.ehoa.gm-3-4.gpg,46,68,4,3,1,0,118,1,129,1,1,134,1,1,313,0,1
ltl2dba_Q.tlsf.ehoa.gm-3-5.gpg,46,68,5,3,0,0,120,1,116,0,1,125,0,1,119,0,1
ltl2dba_Q.tlsf.ehoa.gm-3-6.gpg,46,68,6,3,0,0,124,1,118,0,1,124,0,1,129,0,1
ltl2dba_Q.tlsf.ehoa.gm-3-7.gpg,46,68,7,3,0,0,116,1,113,0,1,116,0,1,134,0,1
ltl2dba_Q.tlsf.ehoa.gm-3-8.gpg,46,68,8,3,0,0,119,1,116,0,1,121,0,1,121,0,1
ltl2dba_Q.tlsf.ehoa.gm-4-3.gpg,46,68,3,4,0,0,162,1,160,0,1,164,0,1,161,0,1
ltl2dba_Q.tlsf.ehoa.gm-4-4.gpg,46,68,4,4,1,0,167,1,175,0,1,187,0,1,355,0,1
ltl2dba_Q.tlsf.ehoa.gm-4-5.gpg,46,68,5,4,0,0,167,1,160,0,1,164,0,1,169,0,1
ltl2dba_Q.tlsf.ehoa.gm-4-6.gpg,46,68,6,4,0,0,160,1,168,0,1,166,0,1,160,0,1
ltl2dba_Q.tlsf.ehoa.gm-4-7.gpg,46,68,7,4,0,0,164,1,165,0,1,161,0,1,172,0,1
ltl2dba_Q.tlsf.ehoa.gm-4-8.gpg,46,68,8,4,0,0,162,1,170,0,1,161,0,1,166,0,1
ltl2dba_Q.tlsf.ehoa.gm-5-3.gpg,46,68,3,5,0,0,194,1,188,0,1,207,0,1,206,0,1
ltl2dba_Q.tlsf.ehoa.gm-5-4.gpg,46,68,4,5,1,0,231,1,217,0,1,222,0,1,403,0,1
ltl2dba_Q.tlsf.ehoa.gm-5-5.gpg,46,68,5,5,0,0,195,1,205,0,1,189,0,1,213,0,1
ltl2dba_Q.tlsf.ehoa.gm-5-6.gpg,46,68,6,5,0,0,207,1,204,0,1,209,0,1,207,0,1
ltl2dba_Q.tlsf.ehoa.gm-5-7.gpg,46,68,7,5,0,0,198,1,199,0,1,187,0,1,193,0,1
ltl2dba_Q.tlsf.ehoa.gm-5-8.gpg,46,68,8,5,0,0,189,1,188,0,1,201,0,1,192,0,1
ltl2dba_Q.tlsf.ehoa.gm-6-3.gpg,46,68,3,6,0,0,228,1,224,0,1,227,0,1,228,0,1
ltl2dba_Q.tlsf.ehoa.gm-6-4.gpg,46,68,4,6,1,0,241,1,242,0,1,253,0,1,423,0,1
ltl2dba_Q.tlsf.ehoa.gm-6-5.gpg,46,68,5,6,0,0,227,1,231,0,1,226,0,1,229,0,1
ltl2dba_Q.tlsf.ehoa.gm-6-6.gpg,46,68,6,6,0,0,234,1,226,0,1,248,0,1,235,0,1
ltl2dba_Q.tlsf.ehoa.gm-6-7.gpg,46,68,7,6,0,0,230,1,225,0,1,225,0,1,237,0,1
ltl2dba_Q.tlsf.ehoa.gm-6-8.gpg,46,68,8,6,0,0,240,1,235,0,1,244,0,1,255,0,1
ltl2dba_Q.tlsf.ehoa.gm-7-3.gpg,46,68,3,7,0,0,285,1,292,0,1,270,0,1,299,0,1
ltl2dba_Q.tlsf.ehoa.gm-7-4.gpg,46,68,4,7,1,0,290,1,295,0,1,321,0,1,482,0,1
ltl2dba_Q.tlsf.ehoa.gm-7-5.gpg,46,68,5,7,0,0,293,1,282,0,1,280,0,1,296,0,1
ltl2dba_Q.tlsf.ehoa.gm-7-6.gpg,46,68,6,7,0,0,278,1,279,0,1,289,0,1,285,0,1
ltl2dba_Q.tlsf.ehoa.gm-7-7.gpg,46,68,7,7,0,0,290,1,266,0,1,274,0,1,293,0,1
ltl2dba_Q.tlsf.ehoa.gm-7-8.gpg,46,68,8,7,0,0,276,1,275,0,1,290,0,1,287,0,1
ltl2dba_Q.tlsf.ehoa.gm-8-3.gpg,46,68,3,8,0,0,320,1,311,0,1,323,0,1,322,0,1
ltl2dba_Q.tlsf.ehoa.gm-8-4.gpg,46,68,4,8,1,0,338,1,322,0,1,351,0,1,526,0,1
ltl2dba_Q.tlsf.ehoa.gm-8-5.gpg,46,68,5,8,0,0,312,1,332,0,1,330,0,1,321,0,1
ltl2dba_Q.tlsf.ehoa.gm-8-6.gpg,46,68,6,8,0,0,327,1,310,0,1,318,0,1,341,0,1
ltl2dba_Q.tlsf.ehoa.gm-8-7.gpg,46,68,7,8,0,0,340,1,318,0,1,318,0,1,308,0,1
ltl2dba_Q.tlsf.ehoa.gm-8-8.gpg,46,68,8,8,0,0,304,1,331,0,1,327,0,1,319,0,1
ltl2dba_R.tlsf.ehoa.gm-1-3.gpg,19,26,3,1,0,0,37,1,37,0,1,37,0,1,37,0,1
ltl2dba_R.tlsf.ehoa.gm-1-4.gpg,19,26,4,1,0,0,37,1,37,0,1,49,0,1,47,0,1
ltl2dba_R.tlsf.ehoa.gm-1-5.gpg,19,26,5,1,0,0,38,1,39,0,1,40,0,1,43,0,1
ltl2dba_R.tlsf.ehoa.gm-1-6.gpg,19,26,6,1,0,0,41,1,43,0,1,44,0,1,45,0,1
ltl2dba_R.tlsf.ehoa.gm-1-7.gpg,19,26,7,1,0,0,42,1,42,0,1,42,0,1,41,0,1
ltl2dba_R.tlsf.ehoa.gm-1-8.gpg,19,26,8,1,0,0,38,1,37,0,1,37,0,1,42,0,1
ltl2dba_R.tlsf.ehoa.gm-2-3.gpg,19,26,3,2,0,0,77,1,76,0,1,74,0,1,78,0,1
ltl2dba_R.tlsf.ehoa.gm-2-4.gpg,19,26,4,2,0,0,80,1,86,0,1,80,0,1,91,0,1
ltl2dba_R.tlsf.ehoa.gm-2-5.gpg,19,26,5,2,0,0,83,1,81,0,1,87,0,1,88,0,1
ltl2dba_R.tlsf.ehoa.gm-2-6.gpg,19,26,6,2,0,0,77,1,84,0,1,85,0,1,93,0,1
ltl2dba_R.tlsf.ehoa.gm-2-7.gpg,19,26,7,2,0,0,79,1,74,0,1,74,0,1,77,0,1
ltl2dba_R.tlsf.ehoa.gm-2-8.gpg,19,26,8,2,0,0,85,1,104,1,1,85,1,1,102,0,1
ltl2dba_R.tlsf.ehoa.gm-3-3.gpg,19,26,3,3,0,0,128,1,125,0,1,133,0,1,126,0,1
ltl2dba_R.tlsf.ehoa.gm-3-4.gpg,19,26,4,3,1,0,119,1,119,0,1,123,1,1,141,0,1
ltl2dba_R.tlsf.ehoa.gm-3-5.gpg,19,26,5,3,0,0,122,1,126,0,1,123,0,1,133,0,1
ltl2dba_R.tlsf.ehoa.gm-3-7.gpg,19,26,7,3,0,0,120,1,125,0,1,117,0,1,112,0,1
ltl2dba_R.tlsf.ehoa.gm-3-8.gpg,19,26,8,3,1,0,113,1,117,0,1,139,0,1,141,0,1
ltl2dba_R.tlsf.ehoa.gm-4-3.gpg,19,26,3,4,0,0,157,1,156,0,1,149,0,1,151,0,1
ltl2dba_R.tlsf.ehoa.gm-4-5.gpg,19,26,5,4,0,0,151,1,152,0,1,162,0,1,172,0,1
ltl2dba_R.tlsf.ehoa.gm-4-7.gpg,19,26,7,4,0,0,163,1,158,0,1,157,0,1,157,0,1
ltl2dba_R.tlsf.ehoa.gm-4-8.gpg,19,26,8,4,1,0,152,1,161,0,1,175,0,1,189,0,1
ltl2dba_R.tlsf.ehoa.gm-5-3.gpg,19,26,3,5,0,0,193,1,203,0,1,211,0,1,210,0,1
ltl2dba_R.tlsf.ehoa.gm-5-5.gpg,19,26,5,5,0,0,191,1,190,0,1,200,0,1,202,0,1
ltl2dba_R.tlsf.ehoa.gm-5-7.gpg,19,26,7,5,0,0,205,1,200,0,1,193,0,1,197,0,1
ltl2dba_R.tlsf.ehoa.gm-5-8.gpg,19,26,8,5,1,0,197,1,213,0,1,209,0,1,219,0,1
ltl2dba_R.tlsf.ehoa.gm-6-3.gpg,19,26,3,6,0,0,238,1,245,0,1,237,0,1,241,0,1
ltl2dba_R.tlsf.ehoa.gm-6-5.gpg,19,26,5,6,0,0,237,1,230,0,1,228,0,1,235,0,1
ltl2dba_R.tlsf.ehoa.gm-6-7.gpg,19,26,7,6,0,0,242,1,256,0,1,234,0,1,255,0,1
ltl2dba_R.tlsf.ehoa.gm-6-8.gpg,19,26,8,6,1,0,252,1,260,0,1,279,0,1,249,0,1
ltl2dba_R.tlsf.ehoa.gm-7-3.gpg,19,26,3,7,0,0,286,1,269,0,1,282,0,1,274,0,1
ltl2dba_R.tlsf.ehoa.gm-7-5.gpg,19,26,5,7,0,0,272,1,260,0,1,282,0,1,290,0,1
ltl2dba_R.tlsf.ehoa.gm-7-7.gpg,19,26,7,7,0,0,279,1,286,0,1,304,0,1,274,0,1
ltl2dba_R.tlsf.ehoa.gm-7-8.gpg,19,26,8,7,1,0,268,1,318,0,1,321,0,1,308,0,1
ltl2dba_R.tlsf.ehoa.gm-8-3.gpg,19,26,3,8,0,0,319,1,317,0,1,317,0,1,311,0,1
ltl2dba_R.tlsf.ehoa.gm-8-5.gpg,19,26,5,8,0,0,306,1,309,0,1,318,0,1,326,0,1
ltl2dba_R.tlsf.ehoa.gm-8-7.gpg,19,26,7,8,0,0,336,1,314,0,1,338,0,1,326,0,1
ltl2dba_R.tlsf.ehoa.gm-8-8.gpg,19,26,8,8,1,0,329,1,358,0,1,358,0,1,362,0,1
ltl2dba_alpha.tlsf.ehoa.gm-1-3.gpg,63,96,3,1,0,0,42,1,43,0,1,41,0,1,41,0,1
ltl2dba_alpha.tlsf.ehoa.gm-1-4.gpg,63,96,4,1,0,0,42,1,41,1,1,54,1,1,104,0,1
ltl2dba_alpha.tlsf.ehoa.gm-1-5.gpg,63,96,5,1,0,0,38,1,40,0,1,39,0,1,40,0,1
ltl2dba_alpha.tlsf.ehoa.gm-1-6.gpg,63,96,6,1,0,0,38,1,37,0,1,40,0,1,40,0,1
ltl2dba_alpha.tlsf.ehoa.gm-1-7.gpg,63,96,7,1,0,0,45,1,48,0,1,54,0,1,43,0,1
ltl2dba_alpha.tlsf.ehoa.gm-1-8.gpg,63,96,8,1,0,0,40,1,48,0,1,60,0,1,65,0,1
ltl2dba_alpha.tlsf.ehoa.gm-2-3.gpg,63,96,3,2,0,0,88,1,85,0,1,97,0,1,83,0,1
ltl2dba_alpha.tlsf.ehoa.gm-2-4.gpg,63,96,4,2,1,0,82,1,80,0,1,95,0,1,150,0,1
ltl2dba_alpha.tlsf.ehoa.gm-2-5.gpg,63,96,5,2,0,0,81,1,91,0,1,78,0,1,82,0,1
ltl2dba_alpha.tlsf.ehoa.gm-2-6.gpg,63,96,6,2,0,0,82,1,76,0,1,87,0,1,85,0,1
ltl2dba_alpha.tlsf.ehoa.gm-2-7.gpg,63,96,7,2,0,0,80,1,82,0,1,80,0,1,83,0,1
ltl2dba_alpha.tlsf.ehoa.gm-2-8.gpg,63,96,8,2,1,0,80,1,81,0,1,78,0,1,93,0,1
ltl2dba_alpha.tlsf.ehoa.gm-3-3.gpg,63,96,3,3,0,0,125,1,113,0,1,116,0,1,124,0,1
ltl2dba_alpha.tlsf.ehoa.gm-3-4.gpg,63,96,4,3,1,0,121,1,125,0,1,133,0,1,191,0,1
ltl2dba_alpha.tlsf.ehoa.gm-3-5.gpg,63,96,5,3,0,0,122,1,112,0,1,116,0,1,129,0,1
ltl2dba_alpha.tlsf.ehoa.gm-3-6.gpg,63,96,6,3,0,0,120,1,123,0,1,139,0,1,126,0,1
ltl2dba_alpha.tlsf.ehoa.gm-3-7.gpg,63,96,7,3,0,0,148,1,121,0,1,127,0,1,122,0,1
ltl2dba_alpha.tlsf.ehoa.gm-3-8.gpg,63,96,8,3,1,0,127,1,123,0,1,125,0,1,125,0,1
ltl2dba_alpha.tlsf.ehoa.gm-4-3.gpg,63,96,3,4,0,0,162,1,158,0,1,156,0,1,158,0,1
ltl2dba_alpha.tlsf.ehoa.gm-4-4.gpg,63,96,4,4,1,0,158,1,163,0,1,179,0,1,236,0,1
ltl2dba_alpha.tlsf.ehoa.gm-4-5.gpg,63,96,5,4,0,0,155,1,154,0,1,151,0,1,156,0,1
ltl2dba_alpha.tlsf.ehoa.gm-4-6.gpg,63,96,6,4,0,0,152,1,158,0,1,201,0,1,189,0,1
ltl2dba_alpha.tlsf.ehoa.gm-4-7.gpg,63,96,7,4,0,0,171,1,161,0,1,161,0,1,169,0,1
ltl2dba_alpha.tlsf.ehoa.gm-4-8.gpg,63,96,8,4,1,0,157,1,160,0,1,175,0,1,173,0,1
ltl2dba_alpha.tlsf.ehoa.gm-5-3.gpg,63,96,3,5,0,0,191,1,187,0,1,186,0,1,195,0,1
ltl2dba_alpha.tlsf.ehoa.gm-5-4.gpg,63,96,4,5,1,0,196,1,206,0,1,222,0,1,270,0,1
ltl2dba_alpha.tlsf.ehoa.gm-5-5.gpg,63,96,5,5,0,0,194,1,187,0,1,195,0,1,200,0,1
ltl2dba_alpha.tlsf.ehoa.gm-5-6.gpg,63,96,6,5,0,0,201,1,197,0,1,216,0,1,204,0,1
ltl2dba_alpha.tlsf.ehoa.gm-5-7.gpg,63,96,7,5,0,0,202,1,193,0,1,190,0,1,210,0,1
ltl2dba_alpha.tlsf.ehoa.gm-5-8.gpg,63,96,8,5,1,0,210,1,208,0,1,213,0,1,226,0,1
ltl2dba_alpha.tlsf.ehoa.gm-6-3.gpg,63,96,3,6,0,0,249,1,242,0,1,234,0,1,246,0,1
ltl2dba_alpha.tlsf.ehoa.gm-6-4.gpg,63,96,4,6,1,0,237,1,235,0,1,262,0,1,329,0,1
ltl2dba_alpha.tlsf.ehoa.gm-6-5.gpg,63,96,5,6,0,0,241,1,249,0,1,252,0,1,261,0,1
ltl2dba_alpha.tlsf.ehoa.gm-6-6.gpg,63,96,6,6,0,0,233,1,236,0,1,276,0,1,253,0,1
ltl2dba_alpha.tlsf.ehoa.gm-6-7.gpg,63,96,7,6,0,0,242,1,234,0,1,232,0,1,264,0,1
ltl2dba_alpha.tlsf.ehoa.gm-6-8.gpg,63,96,8,6,1,0,245,1,235,0,1,248,0,1,248,0,1
ltl2dba_alpha.tlsf.ehoa.gm-7-3.gpg,63,96,3,7,0,0,267,1,260,0,1,261,0,1,270,0,1
ltl2dba_alpha.tlsf.ehoa.gm-7-4.gpg,63,96,4,7,1,0,279,1,278,0,1,328,0,1,361,0,1
ltl2dba_alpha.tlsf.ehoa.gm-7-5.gpg,63,96,5,7,0,0,280,1,273,0,1,276,0,1,298,0,1
ltl2dba_alpha.tlsf.ehoa.gm-7-6.gpg,63,96,6,7,1,0,275,1,267,0,1,318,0,1,300,0,1
ltl2dba_alpha.tlsf.ehoa.gm-7-7.gpg,63,96,7,7,0,0,287,1,279,0,1,273,0,1,283,0,1
ltl2dba_alpha.tlsf.ehoa.gm-7-8.gpg,63,96,8,7,1,0,275,1,274,0,1,316,0,1,299,0,1
ltl2dba_alpha.tlsf.ehoa.gm-8-3.gpg,63,96,3,8,0,0,307,1,303,0,1,302,0,1,309,0,1
ltl2dba_alpha.tlsf.ehoa.gm-8-4.gpg,63,96,4,8,1,0,316,1,319,0,1,389,0,1,421,0,1
ltl2dba_alpha.tlsf.ehoa.gm-8-5.gpg,63,96,5,8,0,0,312,1,332,0,1,307,0,1,311,0,1
ltl2dba_alpha.tlsf.ehoa.gm-8-6.gpg,63,96,6,8,1,0,309,1,309,0,1,363,0,1,336,0,1
ltl2dba_alpha.tlsf.ehoa.gm-8-7.gpg,63,96,7,8,0,0,315,1,302,0,1,342,0,1,322,0,1
ltl2dba_alpha.tlsf.ehoa.gm-8-8.gpg,63,96,8,8,1,0,323,1,329,0,1,367,0,1,344,0,1
ltl2dba_beta.tlsf.ehoa.gm-1-3.gpg,907,1454,3,1,12,0,54,1,47,0,1,46,0,1,58,0,1
ltl2dba_beta.tlsf.ehoa.gm-1-4.gpg,907,1454,4,1,42,0,54,1,52,0,1,109,0,1,67,0,1
ltl2dba_beta.tlsf.ehoa.gm-1-5.gpg,907,1454,5,1,16,0,58,1,51,0,1,46,0,1,67,0,1
ltl2dba_beta.tlsf.ehoa.gm-1-6.gpg,907,1454,6,1,39,0,60,1,57,0,1,107,0,1,81,0,1
ltl2dba_beta.tlsf.ehoa.gm-1-7.gpg,907,1454,7,1,10,0,59,1,50,0,1,48,0,1,70,0,1
ltl2dba_beta.tlsf.ehoa.gm-1-8.gpg,907,1454,8,1,33,0,61,1,54,0,1,94,0,1,79,0,1
ltl2dba_beta.tlsf.ehoa.gm-2-3.gpg,907,1454,3,2,12,0,110,1,99,0,1,110,0,1,137,0,1
ltl2dba_beta.tlsf.ehoa.gm-2-4.gpg,907,1454,4,2,43,0,115,1,109,0,1,220,0,1,124,0,1
ltl2dba_beta.tlsf.ehoa.gm-2-5.gpg,907,1454,5,2,16,0,111,1,102,0,1,94,0,1,141,0,1
ltl2dba_beta.tlsf.ehoa.gm-2-6.gpg,907,1454,6,2,39,0,113,1,108,0,1,204,0,1,143,0,1
ltl2dba_beta.tlsf.ehoa.gm-2-7.gpg,907,1454,7,2,10,0,114,1,94,0,1,97,0,1,154,0,1
ltl2dba_beta.tlsf.ehoa.gm-2-8.gpg,907,1454,8,2,34,0,116,1,107,0,1,201,0,1,169,0,1
ltl2dba_beta.tlsf.ehoa.gm-3-3.gpg,907,1454,3,3,13,0,173,1,149,0,1,150,0,1,187,0,1
ltl2dba_beta.tlsf.ehoa.gm-3-4.gpg,907,1454,4,3,43,0,181,1,166,0,1,341,0,1,188,0,1
ltl2dba_beta.tlsf.ehoa.gm-3-5.gpg,907,1454,5,3,17,0,176,1,139,0,1,150,0,1,211,0,1
ltl2dba_beta.tlsf.ehoa.gm-3-6.gpg,907,1454,6,3,40,0,170,1,159,0,1,310,0,1,221,0,1
ltl2dba_beta.tlsf.ehoa.gm-3-7.gpg,907,1454,7,3,10,0,170,1,141,0,1,137,0,1,222,0,1
ltl2dba_beta.tlsf.ehoa.gm-3-8.gpg,907,1454,8,3,34,0,176,1,160,0,1,297,0,1,241,0,1
ltl2dba_beta.tlsf.ehoa.gm-4-3.gpg,907,1454,3,4,13,0,238,1,193,0,1,210,0,1,262,0,1
ltl2dba_beta.tlsf.ehoa.gm-4-4.gpg,907,1454,4,4,44,0,239,1,217,0,1,481,0,1,250,0,1
ltl2dba_beta.tlsf.ehoa.gm-4-5.gpg,907,1454,5,4,17,0,230,1,195,0,1,186,0,1,262,0,1
ltl2dba_beta.tlsf.ehoa.gm-4-6.gpg,907,1454,6,4,41,0,226,1,208,0,1,433,0,1,283,0,1
ltl2dba_beta.tlsf.ehoa.gm-4-7.gpg,907,1454,7,4,11,0,228,1,191,0,1,191,0,1,295,0,1
ltl2dba_beta.tlsf.ehoa.gm-4-8.gpg,907,1454,8,4,34,0,224,1,198,0,1,416,0,1,317,0,1
ltl2dba_beta.tlsf.ehoa.gm-5-3.gpg,907,1454,3,5,13,0,279,1,230,0,1,234,0,1,314,0,1
ltl2dba_beta.tlsf.ehoa.gm-5-4.gpg,907,1454,4,5,44,0,291,1,281,0,1,662,0,1,313,0,1
ltl2dba_beta.tlsf.ehoa.gm-5-5.gpg,907,1454,5,5,18,0,296,1,242,0,1,231,0,1,340,0,1
ltl2dba_beta.tlsf.ehoa.gm-5-6.gpg,907,1454,6,5,40,0,293,1,271,0,1,588,0,1,373,0,1
ltl2dba_beta.tlsf.ehoa.gm-5-7.gpg,907,1454,7,5,11,0,288,1,234,0,1,237,0,1,358,0,1
ltl2dba_beta.tlsf.ehoa.gm-5-8.gpg,907,1454,8,5,34,0,283,1,250,0,1,574,0,1,414,0,1
ltl2dba_beta.tlsf.ehoa.gm-6-3.gpg,907,1454,3,6,14,0,376,1,329,0,1,310,0,1,415,0,1
ltl2dba_beta.tlsf.ehoa.gm-6-4.gpg,907,1454,4,6,45,0,363,1,337,0,1,863,0,1,390,0,1
ltl2dba_beta.tlsf.ehoa.gm-6-5.gpg,907,1454,5,6,18,0,372,1,293,0,1,288,0,1,436,0,1
ltl2dba_beta.tlsf.ehoa.gm-6-6.gpg,907,1454,6,6,42,0,362,1,328,0,1,725,0,1,448,0,1
ltl2dba_beta.tlsf.ehoa.gm-6-7.gpg,907,1454,7,6,11,0,342,1,283,0,1,295,0,1,468,0,1
ltl2dba_beta.tlsf.ehoa.gm-6-8.gpg,907,1454,8,6,35,0,368,1,318,0,1,718,0,1,486,0,1
ltl2dba_beta.tlsf.ehoa.gm-7-3.gpg,907,1454,3,7,14,0,429,1,357,0,1,337,0,1,430,0,1
ltl2dba_beta.tlsf.ehoa.gm-7-4.gpg,907,1454,4,7,45,0,399,1,399,0,1,1101,0,1,470,0,1
ltl2dba_beta.tlsf.ehoa.gm-7-5.gpg,907,1454,5,7,19,0,403,1,379,0,1,337,0,1,475,0,1
ltl2dba_beta.tlsf.ehoa.gm-7-6.gpg,907,1454,6,7,42,0,403,1,380,0,1,909,0,1,505,0,1
ltl2dba_beta.tlsf.ehoa.gm-7-7.gpg,907,1454,7,7,12,0,404,1,347,0,1,357,0,1,502,0,1
ltl2dba_beta.tlsf.ehoa.gm-7-8.gpg,907,1454,8,7,35,0,430,1,374,0,1,905,0,1,586,0,1
ltl2dba_beta.tlsf.ehoa.gm-8-3.gpg,907,1454,3,8,15,0,477,1,411,0,1,394,0,1,541,0,1
ltl2dba_beta.tlsf.ehoa.gm-8-4.gpg,907,1454,4,8,46,0,462,1,429,0,1,1377,0,1,531,0,1
ltl2dba_beta.tlsf.ehoa.gm-8-5.gpg,907,1454,5,8,19,0,474,1,411,0,1,398,0,1,541,0,1
ltl2dba_beta.tlsf.ehoa.gm-8-6.gpg,907,1454,6,8,42,0,471,1,419,0,1,1133,0,1,591,0,1
ltl2dba_beta.tlsf.ehoa.gm-8-7.gpg,907,1454,7,8,12,0,467,1,389,0,1,403,0,1,585,0,1
ltl2dba_beta.tlsf.ehoa.gm-8-8.gpg,907,1454,8,8,36,0,456,1,409,0,1,1066,0,1,666,0,1
ltl2dba_theta.tlsf.ehoa.gm-1-3.gpg,275,440,3,1,1,0,43,1,40,0,1,40,0,1,44,0,1
ltl2dba_theta.tlsf.ehoa.gm-1-4.gpg,275,440,4,1,4,0,47,1,45,0,1,56,0,1,48,0,1
ltl2dba_theta.tlsf.ehoa.gm-1-5.gpg,275,440,5,1,1,0,42,1,40,0,1,39,0,1,47,0,1
ltl2dba_theta.tlsf.ehoa.gm-1-6.gpg,275,440,6,1,4,0,44,1,43,0,1,50,0,1,50,0,1
ltl2dba_theta.tlsf.ehoa.gm-1-7.gpg,275,440,7,1,1,0,43,1,41,0,1,40,0,1,47,0,1
ltl2dba_theta.tlsf.ehoa.gm-1-8.gpg,275,440,8,1,6,0,43,1,48,0,1,106,0,1,48,0,1
ltl2dba_theta.tlsf.ehoa.gm-2-3.gpg,275,440,3,2,1,0,84,1,80,0,1,78,0,1,86,0,1
ltl2dba_theta.tlsf.ehoa.gm-2-4.gpg,275,440,4,2,4,0,88,1,85,0,1,102,0,1,89,0,1
ltl2dba_theta.tlsf.ehoa.gm-2-5.gpg,275,440,5,2,1,0,85,1,80,0,1,84,0,1,94,0,1
ltl2dba_theta.tlsf.ehoa.gm-2-6.gpg,275,440,6,2,4,0,89,1,84,0,1,96,0,1,97,0,1
ltl2dba_theta.tlsf.ehoa.gm-2-7.gpg,275,440,7,2,1,0,86,1,78,0,1,79,0,1,94,0,1
ltl2dba_theta.tlsf.ehoa.gm-2-8.gpg,275,440,8,2,6,0,85,1,97,0,1,158,0,1,98,0,1
ltl2dba_theta.tlsf.ehoa.gm-3-3.gpg,275,440,3,3,1,0,128,1,146,0,1,136,0,1,129,0,1
ltl2dba_theta.tlsf.ehoa.gm-3-4.gpg,275,440,4,3,4,0,127,1,124,0,1,159,0,1,144,0,1
ltl2dba_theta.tlsf.ehoa.gm-3-5.gpg,275,440,5,3,1,0,140,1,125,0,1,127,0,1,141,0,1
ltl2dba_theta.tlsf.ehoa.gm-3-6.gpg,275,440,6,3,4,0,126,1,123,0,1,149,0,1,145,0,1
ltl2dba_theta.tlsf.ehoa.gm-3-7.gpg,275,440,7,3,1,0,137,1,120,0,1,120,0,1,139,0,1
ltl2dba_theta.tlsf.ehoa.gm-3-8.gpg,275,440,8,3,6,0,132,1,130,0,1,213,0,1,151,0,1
ltl2dba_theta.tlsf.ehoa.gm-4-3.gpg,275,440,3,4,1,0,172,1,163,0,1,170,0,1,204,0,1
ltl2dba_theta.tlsf.ehoa.gm-4-4.gpg,275,440,4,4,5,0,185,1,178,0,1,226,0,1,179,0,1
ltl2dba_theta.tlsf.ehoa.gm-4-5.gpg,275,440,5,4,1,0,177,1,161,0,1,172,0,1,204,0,1
ltl2dba_theta.tlsf.ehoa.gm-4-6.gpg,275,440,6,4,4,0,170,1,166,0,1,213,0,1,207,0,1
ltl2dba_theta.tlsf.ehoa.gm-4-7.gpg,275,440,7,4,1,0,186,1,174,0,1,162,0,1,196,0,1
ltl2dba_theta.tlsf.ehoa.gm-4-8.gpg,275,440,8,4,6,0,183,1,184,0,1,297,0,1,237,0,1
ltl2dba_theta.tlsf.ehoa.gm-5-3.gpg,275,440,3,5,2,0,215,1,200,0,1,208,0,1,235,0,1
ltl2dba_theta.tlsf.ehoa.gm-5-4.gpg,275,440,4,5,5,0,225,1,212,0,1,273,0,1,222,0,1
ltl2dba_theta.tlsf.ehoa.gm-5-5.gpg,275,440,5,5,1,0,217,1,200,0,1,208,0,1,232,0,1
ltl2dba_theta.tlsf.ehoa.gm-5-6.gpg,275,440,6,5,4,0,228,1,231,0,1,275,0,1,247,0,1
ltl2dba_theta.tlsf.ehoa.gm-5-7.gpg,275,440,7,5,1,0,219,1,209,0,1,219,0,1,233,0,1
ltl2dba_theta.tlsf.ehoa.gm-5-8.gpg,275,440,8,5,6,0,218,1,214,0,1,318,0,1,244,0,1
ltl2dba_theta.tlsf.ehoa.gm-6-3.gpg,275,440,3,6,2,0,285,1,267,0,1,263,0,1,279,0,1
ltl2dba_theta.tlsf.ehoa.gm-6-4.gpg,275,440,4,6,5,0,260,1,250,0,1,348,0,1,281,0,1
ltl2dba_theta.tlsf.ehoa.gm-6-5.gpg,275,440,5,6,2,0,268,1,256,0,1,261,0,1,304,0,1
ltl2dba_theta.tlsf.ehoa.gm-6-6.gpg,275,440,6,6,4,0,266,1,268,0,1,319,0,1,296,0,1
ltl2dba_theta.tlsf.ehoa.gm-6-7.gpg,275,440,7,6,1,0,267,1,268,0,1,268,0,1,311,0,1
ltl2dba_theta.tlsf.ehoa.gm-6-8.gpg,275,440,8,6,7,0,277,1,266,0,1,382,0,1,311,0,1
ltl2dba_theta.tlsf.ehoa.gm-7-3.gpg,275,440,3,7,2,0,337,1,314,0,1,295,0,1,337,0,1
ltl2dba_theta.tlsf.ehoa.gm-7-4.gpg,275,440,4,7,5,0,337,1,308,0,1,472,0,1,357,0,1
ltl2dba_theta.tlsf.ehoa.gm-7-5.gpg,275,440,5,7,2,0,322,1,314,0,1,294,0,1,344,0,1
ltl2dba_theta.tlsf.ehoa.gm-7-6.gpg,275,440,6,7,5,0,337,1,307,0,1,370,0,1,344,0,1
ltl2dba_theta.tlsf.ehoa.gm-7-7.gpg,275,440,7,7,2,0,304,1,285,0,1,287,0,1,350,0,1
ltl2dba_theta.tlsf.ehoa.gm-7-8.gpg,275,440,8,7,7,0,317,1,311,0,1,454,0,1,358,0,1
ltl2dba_theta.tlsf.ehoa.gm-8-3.gpg,275,440,3,8,2,0,357,1,338,0,1,359,0,1,355,0,1
ltl2dba_theta.tlsf.ehoa.gm-8-4.gpg,275,440,4,8,5,0,347,1,338,0,1,539,0,1,366,0,1
ltl2dba_theta.tlsf.ehoa.gm-8-5.gpg,275,440,5,8,2,0,359,1,327,0,1,330,0,1,377,0,1
ltl2dba_theta.tlsf.ehoa.gm-8-6.gpg,275,440,6,8,5,0,369,1,372,0,1,468,0,1,384,0,1
ltl2dba_theta.tlsf.ehoa.gm-8-7.gpg,275,440,7,8,2,0,346,1,323,0,1,325,0,1,384,0,1
ltl2dba_theta.tlsf.ehoa.gm-8-8.gpg,275,440,8,8,7,0,347,1,357,0,1,504,0,1,423,0,1
